arrival_unix_ns,sim_service_start_unix_ns,sim_service_end_unix_ns,sim_queue_ms,sim_service_ms,sim_response_ms,sim_status
1774831348272683008,1774831348272683008,1774831348275154311,0.000000,2.471303,2.471303,200
1774831348272875008,1774831348275154311,1774831348277608142,2.279303,2.453831,4.733134,200
1774831348274620928,1774831348277608142,1774831348280099469,2.987214,2.491327,5.478541,200
1774831348276592896,1774831348280099469,1774831348283143181,3.506573,3.043712,6.550285,200
1774831348295710976,1774831348295710976,1774831348298192341,0.000000,2.481365,2.481365,200
1774831348315138048,1774831348315138048,1774831348316909015,0.000000,1.770967,1.770967,200
1774831348373300992,1774831348373300992,1774831348376079887,0.000000,2.778895,2.778895,200
1774831348444667136,1774831348444667136,1774831348447064567,0.000000,2.397431,2.397431,200
1774831348467685888,1774831348467685888,1774831348470113244,0.000000,2.427356,2.427356,200
1774831348497643008,1774831348497643008,1774831348500277684,0.000000,2.634676,2.634676,200
1774831348503941120,1774831348503941120,1774831348506652411,0.000000,2.711291,2.711291,200
1774831348513669120,1774831348513669120,1774831348517079192,0.000000,3.410072,3.410072,200
1774831348534953984,1774831348534953984,1774831348537963899,0.000000,3.009915,3.009915,200
1774831348545039872,1774831348545039872,1774831348547671061,0.000000,2.631189,2.631189,200
1774831348551371008,1774831348551371008,1774831348553505920,0.000000,2.134912,2.134912,200
1774831348591523840,1774831348591523840,1774831348593518315,0.000000,1.994475,1.994475,200
1774831348609455104,1774831348609455104,1774831348612175788,0.000000,2.720684,2.720684,200
1774831348610426880,1774831348612175788,1774831348615712008,1.748908,3.536220,5.285128,200
1774831348669711104,1774831348669711104,1774831348672298062,0.000000,2.586958,2.586958,200
1774831348719788032,1774831348719788032,1774831348722282424,0.000000,2.494392,2.494392,200
1774831348747129088,1774831348747129088,1774831348750047871,0.000000,2.918783,2.918783,200
1774831348771033088,1774831348771033088,1774831348772823262,0.000000,1.790174,1.790174,200
1774831348816121088,1774831348816121088,1774831348818492136,0.000000,2.371048,2.371048,200
1774831348837188864,1774831348837188864,1774831348840078034,0.000000,2.889170,2.889170,200
1774831348857257984,1774831348857257984,1774831348860432920,0.000000,3.174936,3.174936,200
1774831348966237184,1774831348966237184,1774831348968650433,0.000000,2.413249,2.413249,200
1774831348995851008,1774831348995851008,1774831348998660369,0.000000,2.809361,2.809361,200
1774831348999796992,1774831348999796992,1774831349002518930,0.000000,2.721938,2.721938,200
1774831349026444800,1774831349026444800,1774831349029549326,0.000000,3.104526,3.104526,200
1774831349065367040,1774831349065367040,1774831349067313694,0.000000,1.946654,1.946654,200
1774831349121346048,1774831349121346048,1774831349124291164,0.000000,2.945116,2.945116,200
1774831349168092928,1774831349168092928,1774831349169856425,0.000000,1.763497,1.763497,200
1774831349250981120,1774831349250981120,1774831349252324388,0.000000,1.343268,1.343268,200
1774831349279759872,1774831349279759872,1774831349281965006,0.000000,2.205134,2.205134,200
1774831349413989120,1774831349413989120,1774831349416032738,0.000000,2.043618,2.043618,200
1774831349445616128,1774831349445616128,1774831349448793103,0.000000,3.176975,3.176975,200
1774831349476672768,1774831349476672768,1774831349479688342,0.000000,3.015574,3.015574,200
1774831349516062976,1774831349516062976,1774831349517959547,0.000000,1.896571,1.896571,200
1774831349555207936,1774831349555207936,1774831349558362577,0.000000,3.154641,3.154641,200
1774831349647824128,1774831349647824128,1774831349649824731,0.000000,2.000603,2.000603,200
1774831349668751872,1774831349668751872,1774831349671258627,0.000000,2.506755,2.506755,200
1774831349717710848,1774831349717710848,1774831349720092649,0.000000,2.381801,2.381801,200
1774831349741552128,1774831349741552128,1774831349744185854,0.000000,2.633726,2.633726,200
1774831349747389184,1774831349747389184,1774831349750521591,0.000000,3.132407,3.132407,200
1774831349771620096,1774831349771620096,1774831349774616535,0.000000,2.996439,2.996439,200
1774831349774644992,1774831349774644992,1774831349777435933,0.000000,2.790941,2.790941,200
1774831349778199040,1774831349778199040,1774831349781204002,0.000000,3.004962,3.004962,200
1774831349787077888,1774831349787077888,1774831349789958626,0.000000,2.880738,2.880738,200
1774831349802966016,1774831349802966016,1774831349805160265,0.000000,2.194249,2.194249,200
1774831349830432768,1774831349830432768,1774831349832578722,0.000000,2.145954,2.145954,200
1774831349846652928,1774831349846652928,1774831349848933675,0.000000,2.280747,2.280747,200
1774831349879798784,1774831349879798784,1774831349882694338,0.000000,2.895554,2.895554,200
1774831349880770048,1774831349882694338,1774831349885101957,1.924290,2.407619,4.331909,200
1774831349894947072,1774831349894947072,1774831349899498167,0.000000,4.551095,4.551095,200
1774831349982574080,1774831349982574080,1774831349984666848,0.000000,2.092768,2.092768,200
1774831350035689216,1774831350035689216,1774831350037642759,0.000000,1.953543,1.953543,200
1774831350062923008,1774831350062923008,1774831350066016962,0.000000,3.093954,3.093954,200
1774831350086405888,1774831350086405888,1774831350090039886,0.000000,3.633998,3.633998,200
1774831350122763008,1774831350122763008,1774831350125663105,0.000000,2.900097,2.900097,200
1774831350146179840,1774831350146179840,1774831350149325526,0.000000,3.145686,3.145686,200
1774831350163207168,1774831350163207168,1774831350166845190,0.000000,3.638022,3.638022,200
1774831350330238976,1774831350330238976,1774831350332740931,0.000000,2.501955,2.501955,200
1774831350371546880,1774831350371546880,1774831350373350587,0.000000,1.803707,1.803707,200
1774831350403940864,1774831350403940864,1774831350406186997,0.000000,2.246133,2.246133,200
1774831350459898112,1774831350459898112,1774831350463135804,0.000000,3.237692,3.237692,200
1774831350522809088,1774831350522809088,1774831350524603616,0.000000,1.794528,1.794528,200
1774831350604685056,1774831350604685056,1774831350607266843,0.000000,2.581787,2.581787,200
1774831350613810944,1774831350613810944,1774831350616536251,0.000000,2.725307,2.725307,200
1774831350629246976,1774831350629246976,1774831350631616089,0.000000,2.369113,2.369113,200
1774831350629414912,1774831350631616089,1774831350634676069,2.201177,3.059980,5.261157,200
1774831350648323072,1774831350648323072,1774831350651277288,0.000000,2.954216,2.954216,200
1774831350651331072,1774831350651331072,1774831350655866119,0.000000,4.535047,4.535047,200
1774831350745775872,1774831350745775872,1774831350748758732,0.000000,2.982860,2.982860,200
1774831350829369088,1774831350829369088,1774831350831572858,0.000000,2.203770,2.203770,200
1774831350850007040,1774831350850007040,1774831350852236795,0.000000,2.229755,2.229755,200
1774831350901350912,1774831350901350912,1774831350903437357,0.000000,2.086445,2.086445,200
1774831350923948032,1774831350923948032,1774831350927185228,0.000000,3.237196,3.237196,200
1774831351015518976,1774831351015518976,1774831351017745968,0.000000,2.226992,2.226992,200
1774831351057102848,1774831351057102848,1774831351059619488,0.000000,2.516640,2.516640,200
1774831351062203904,1774831351062203904,1774831351065283287,0.000000,3.079383,3.079383,200
1774831351074244864,1774831351074244864,1774831351076387601,0.000000,2.142737,2.142737,200
1774831351103464960,1774831351103464960,1774831351105846903,0.000000,2.381943,2.381943,200
1774831351104311040,1774831351105846903,1774831351107474065,1.535863,1.627162,3.163025,200
1774831351146848000,1774831351146848000,1774831351148809446,0.000000,1.961446,1.961446,200
1774831351235937024,1774831351235937024,1774831351238163520,0.000000,2.226496,2.226496,200
1774831351258546944,1774831351258546944,1774831351261383526,0.000000,2.836582,2.836582,200
1774831351262938112,1774831351262938112,1774831351266373412,0.000000,3.435300,3.435300,200
1774831351495811840,1774831351495811840,1774831351498360781,0.000000,2.548941,2.548941,200
1774831351524048128,1774831351524048128,1774831351526778894,0.000000,2.730766,2.730766,200
1774831351549138944,1774831351549138944,1774831351551807627,0.000000,2.668683,2.668683,200
1774831351554241792,1774831351554241792,1774831351557586320,0.000000,3.344528,3.344528,200
1774831351573080064,1774831351573080064,1774831351576270635,0.000000,3.190571,3.190571,200
1774831351587225088,1774831351587225088,1774831351589964157,0.000000,2.739069,2.739069,200
1774831351641052928,1774831351641052928,1774831351643049230,0.000000,1.996302,1.996302,200
1774831351674146048,1774831351674146048,1774831351677344509,0.000000,3.198461,3.198461,200
1774831351693730048,1774831351693730048,1774831351696542487,0.000000,2.812439,2.812439,200
1774831351708622848,1774831351708622848,1774831351712086558,0.000000,3.463710,3.463710,200
1774831351921120768,1774831351921120768,1774831351923662540,0.000000,2.541772,2.541772,200
1774831351941113088,1774831351941113088,1774831351945254951,0.000000,4.141863,4.141863,200
1774831352073443840,1774831352073443840,1774831352075787837,0.000000,2.343997,2.343997,200
1774831352159872000,1774831352159872000,1774831352163662475,0.000000,3.790475,3.790475,200
1774831352175729920,1774831352175729920,1774831352178364099,0.000000,2.634179,2.634179,200
1774831352204930048,1774831352204930048,1774831352207184940,0.000000,2.254892,2.254892,200
1774831352249620992,1774831352249620992,1774831352251560361,0.000000,1.939369,1.939369,200
1774831352279320832,1774831352279320832,1774831352281787915,0.000000,2.467083,2.467083,200
1774831352308687872,1774831352308687872,1774831352312323187,0.000000,3.635315,3.635315,200
1774831352332881920,1774831352332881920,1774831352336012582,0.000000,3.130662,3.130662,200
1774831352357302784,1774831352357302784,1774831352360336694,0.000000,3.033910,3.033910,200
1774831352375734016,1774831352375734016,1774831352377160488,0.000000,1.426472,1.426472,200
1774831352401655808,1774831352401655808,1774831352404706258,0.000000,3.050450,3.050450,200
1774831352525347840,1774831352525347840,1774831352528283978,0.000000,2.936138,2.936138,200
1774831352604137984,1774831352604137984,1774831352606374266,0.000000,2.236282,2.236282,200
1774831352624896000,1774831352624896000,1774831352627090034,0.000000,2.194034,2.194034,200
1774831352665227776,1774831352665227776,1774831352667786878,0.000000,2.559102,2.559102,200
1774831352665379072,1774831352667786878,1774831352671702401,2.407806,3.915523,6.323329,200
1774831352734631168,1774831352734631168,1774831352736605882,0.000000,1.974714,1.974714,200
1774831352816450048,1774831352816450048,1774831352818754597,0.000000,2.304549,2.304549,200
1774831352849612032,1774831352849612032,1774831352853192678,0.000000,3.580646,3.580646,200
1774831352879724032,1774831352879724032,1774831352882018194,0.000000,2.294162,2.294162,200
1774831352910167040,1774831352910167040,1774831352912507937,0.000000,2.340897,2.340897,200
1774831352931616000,1774831352931616000,1774831352934238954,0.000000,2.622954,2.622954,200
1774831352974673152,1774831352974673152,1774831352976559377,0.000000,1.886225,1.886225,200
1774831353017846016,1774831353017846016,1774831353020549073,0.000000,2.703057,2.703057,200
1774831353064583936,1774831353064583936,1774831353066484928,0.000000,1.900992,1.900992,200
1774831353095778048,1774831353095778048,1774831353098962217,0.000000,3.184169,3.184169,200
1774831353107922944,1774831353107922944,1774831353110485509,0.000000,2.562565,2.562565,200
1774831353127917056,1774831353127917056,1774831353132409893,0.000000,4.492837,4.492837,200
1774831353138390016,1774831353138390016,1774831353141133909,0.000000,2.743893,2.743893,200
1774831353215933184,1774831353215933184,1774831353219517275,0.000000,3.584091,3.584091,200
1774831353300633856,1774831353300633856,1774831353302491515,0.000000,1.857659,1.857659,200
1774831353374846976,1774831353374846976,1774831353377331672,0.000000,2.484696,2.484696,200
1774831353397039872,1774831353397039872,1774831353399812498,0.000000,2.772626,2.772626,200
1774831353407685888,1774831353407685888,1774831353411621560,0.000000,3.935672,3.935672,200
1774831353473881856,1774831353473881856,1774831353475574558,0.000000,1.692702,1.692702,200
1774831353590030080,1774831353590030080,1774831353593297987,0.000000,3.267907,3.267907,200
1774831353611151104,1774831353611151104,1774831353614113022,0.000000,2.961918,2.961918,200
1774831353645857024,1774831353645857024,1774831353649592357,0.000000,3.735333,3.735333,200
1774831353649256960,1774831353649592357,1774831353652643874,0.335397,3.051517,3.386914,200
1774831353686448128,1774831353686448128,1774831353689041728,0.000000,2.593600,2.593600,200
1774831353753277952,1774831353753277952,1774831353755529859,0.000000,2.251907,2.251907,200
1774831353772664064,1774831353772664064,1774831353774547091,0.000000,1.883027,1.883027,200
1774831353774707200,1774831353774707200,1774831353777393984,0.000000,2.686784,2.686784,200
1774831353801776896,1774831353801776896,1774831353804219398,0.000000,2.442502,2.442502,200
1774831353845657088,1774831353845657088,1774831353849868021,0.000000,4.210933,4.210933,200
1774831353895648000,1774831353895648000,1774831353897850890,0.000000,2.202890,2.202890,200
1774831353917391104,1774831353917391104,1774831353920161850,0.000000,2.770746,2.770746,200
1774831353936045056,1774831353936045056,1774831353937785053,0.000000,1.739997,1.739997,200
1774831353969111040,1774831353969111040,1774831353971434015,0.000000,2.322975,2.322975,200
1774831354010763008,1774831354010763008,1774831354013493628,0.000000,2.730620,2.730620,200
1774831354030664960,1774831354030664960,1774831354033801475,0.000000,3.136515,3.136515,200
1774831354063670016,1774831354063670016,1774831354067327580,0.000000,3.657564,3.657564,200
1774831354266788864,1774831354266788864,1774831354269321738,0.000000,2.532874,2.532874,200
1774831354290915072,1774831354290915072,1774831354292859799,0.000000,1.944727,1.944727,200
1774831354313847040,1774831354313847040,1774831354316713173,0.000000,2.866133,2.866133,200
1774831354360146944,1774831354360146944,1774831354363055117,0.000000,2.908173,2.908173,200
1774831354375462144,1774831354375462144,1774831354378352236,0.000000,2.890092,2.890092,200
1774831354376278016,1774831354378352236,1774831354380507236,2.074220,2.155000,4.229220,200
1774831354393230080,1774831354393230080,1774831354396614909,0.000000,3.384829,3.384829,200
1774831354414548992,1774831354414548992,1774831354417165572,0.000000,2.616580,2.616580,200
1774831354441389056,1774831354441389056,1774831354444431150,0.000000,3.042094,3.042094,200
1774831354449326080,1774831354449326080,1774831354452830222,0.000000,3.504142,3.504142,200
1774831354451277056,1774831354452830222,1774831354455805237,1.553166,2.975015,4.528181,200
1774831354489938944,1774831354489938944,1774831354492686675,0.000000,2.747731,2.747731,200
1774831354490906880,1774831354492686675,1774831354497037290,1.779795,4.350615,6.130410,200
1774831354577585920,1774831354577585920,1774831354580304836,0.000000,2.718916,2.718916,200
1774831354668268032,1774831354668268032,1774831354670648623,0.000000,2.380591,2.380591,200
1774831354672597760,1774831354672597760,1774831354675229895,0.000000,2.632135,2.632135,200
1774831354699828992,1774831354699828992,1774831354703517912,0.000000,3.688920,3.688920,200
1774831354733403904,1774831354733403904,1774831354736040415,0.000000,2.636511,2.636511,200
1774831354739095808,1774831354739095808,1774831354742005694,0.000000,2.909886,2.909886,200
1774831354747970048,1774831354747970048,1774831354751407242,0.000000,3.437194,3.437194,200
1774831354849904128,1774831354849904128,1774831354852160915,0.000000,2.256787,2.256787,200
1774831354871560192,1774831354871560192,1774831354873233972,0.000000,1.673780,1.673780,200
1774831354915570944,1774831354915570944,1774831354918327421,0.000000,2.756477,2.756477,200
1774831354966572032,1774831354966572032,1774831354969281613,0.000000,2.709581,2.709581,200
1774831355024616960,1774831355024616960,1774831355026821486,0.000000,2.204526,2.204526,200
1774831355055983104,1774831355055983104,1774831355059156228,0.000000,3.173124,3.173124,200
1774831355060222976,1774831355060222976,1774831355063196742,0.000000,2.973766,2.973766,200
1774831355073041920,1774831355073041920,1774831355075046078,0.000000,2.004158,2.004158,200
1774831355086201856,1774831355086201856,1774831355089110911,0.000000,2.909055,2.909055,200
1774831355121766144,1774831355121766144,1774831355124205996,0.000000,2.439852,2.439852,200
1774831355183065856,1774831355183065856,1774831355184843082,0.000000,1.777226,1.777226,200
1774831355202935808,1774831355202935808,1774831355205798485,0.000000,2.862677,2.862677,200
1774831355367835904,1774831355367835904,1774831355370368113,0.000000,2.532209,2.532209,200
1774831355400018944,1774831355400018944,1774831355402150199,0.000000,2.131255,2.131255,200
1774831355404950016,1774831355404950016,1774831355407862459,0.000000,2.912443,2.912443,200
1774831355419799040,1774831355419799040,1774831355422686596,0.000000,2.887556,2.887556,200
1774831355487948800,1774831355487948800,1774831355490169930,0.000000,2.221130,2.221130,200
1774831355511190784,1774831355511190784,1774831355514016624,0.000000,2.825840,2.825840,200
1774831355523212032,1774831355523212032,1774831355526499669,0.000000,3.287637,3.287637,200
1774831355543855872,1774831355543855872,1774831355546004313,0.000000,2.148441,2.148441,200
1774831355558903040,1774831355558903040,1774831355561715370,0.000000,2.812330,2.812330,200
1774831355579226880,1774831355579226880,1774831355581789176,0.000000,2.562296,2.562296,200
1774831355590891008,1774831355590891008,1774831355595364613,0.000000,4.473605,4.473605,200
1774831355690164992,1774831355690164992,1774831355691783756,0.000000,1.618764,1.618764,200
1774831355709684992,1774831355709684992,1774831355712723687,0.000000,3.038695,3.038695,200
1774831355783143168,1774831355783143168,1774831355785517740,0.000000,2.374572,2.374572,200
1774831355823508992,1774831355823508992,1774831355826007149,0.000000,2.498157,2.498157,200
1774831355827136000,1774831355827136000,1774831355831225659,0.000000,4.089659,4.089659,200
1774831356126828032,1774831356126828032,1774831356129383191,0.000000,2.555159,2.555159,200
1774831356191173120,1774831356191173120,1774831356195619198,0.000000,4.446078,4.446078,200
1774831356318974976,1774831356318974976,1774831356321271401,0.000000,2.296425,2.296425,200
1774831356433569792,1774831356433569792,1774831356436361164,0.000000,2.791372,2.791372,200
1774831356496581120,1774831356496581120,1774831356498850171,0.000000,2.269051,2.269051,200
1774831356515316992,1774831356515316992,1774831356517477092,0.000000,2.160100,2.160100,200
1774831356556182016,1774831356556182016,1774831356558782274,0.000000,2.600258,2.600258,200
1774831356566222848,1774831356566222848,1774831356568611303,0.000000,2.388455,2.388455,200
1774831356595200000,1774831356595200000,1774831356597891465,0.000000,2.691465,2.691465,200
1774831356606683904,1774831356606683904,1774831356608208753,0.000000,1.524849,1.524849,200
1774831356618797056,1774831356618797056,1774831356622989573,0.000000,4.192517,4.192517,200
1774831356751055104,1774831356751055104,1774831356753512507,0.000000,2.457403,2.457403,200
1774831356788218112,1774831356788218112,1774831356792151056,0.000000,3.932944,3.932944,200
1774831356835416064,1774831356835416064,1774831356837414250,0.000000,1.998186,1.998186,200
1774831356853754112,1774831356853754112,1774831356856505919,0.000000,2.751807,2.751807,200
1774831356872826112,1774831356872826112,1774831356878408085,0.000000,5.581973,5.581973,200
1774831357008658944,1774831357008658944,1774831357010725882,0.000000,2.066938,2.066938,200
1774831357210832128,1774831357210832128,1774831357212603991,0.000000,1.771863,1.771863,200
1774831357243174912,1774831357243174912,1774831357245413076,0.000000,2.238164,2.238164,200
1774831357296793088,1774831357296793088,1774831357299669570,0.000000,2.876482,2.876482,200
1774831357313153024,1774831357313153024,1774831357316190264,0.000000,3.037240,3.037240,200
1774831357351491072,1774831357351491072,1774831357355009301,0.000000,3.518229,3.518229,200
1774831357454118912,1774831357454118912,1774831357456522446,0.000000,2.403534,2.403534,200
1774831357488158976,1774831357488158976,1774831357489884786,0.000000,1.725810,1.725810,200
1774831357518860032,1774831357518860032,1774831357521160485,0.000000,2.300453,2.300453,200
1774831357574629120,1774831357574629120,1774831357578104176,0.000000,3.475056,3.475056,200
1774831357614341888,1774831357614341888,1774831357617213540,0.000000,2.871652,2.871652,200
1774831357633027072,1774831357633027072,1774831357634608550,0.000000,1.581478,1.581478,200
1774831357676184832,1774831357676184832,1774831357678723385,0.000000,2.538553,2.538553,200
1774831357716813056,1774831357716813056,1774831357720425925,0.000000,3.612869,3.612869,200
1774831357754563072,1774831357754563072,1774831357758885660,0.000000,4.322588,4.322588,200
1774831357853337088,1774831357853337088,1774831357856277447,0.000000,2.940359,2.940359,200
1774831357871869952,1774831357871869952,1774831357874633143,0.000000,2.763191,2.763191,200
1774831357896347904,1774831357896347904,1774831357898234632,0.000000,1.886728,1.886728,200
1774831357926644992,1774831357926644992,1774831357928725454,0.000000,2.080462,2.080462,200
1774831357957542912,1774831357957542912,1774831357960133222,0.000000,2.590310,2.590310,200
1774831357978745856,1774831357978745856,1774831357981644172,0.000000,2.898316,2.898316,200
1774831357979651072,1774831357981644172,1774831357984597954,1.993100,2.953782,4.946882,200
1774831358048638208,1774831358048638208,1774831358050914332,0.000000,2.276124,2.276124,200
1774831358070748160,1774831358070748160,1774831358072676342,0.000000,1.928182,1.928182,200
1774831358112425216,1774831358112425216,1774831358114539484,0.000000,2.114268,2.114268,200
1774831358134344960,1774831358134344960,1774831358136270755,0.000000,1.925795,1.925795,200
1774831358156758016,1774831358156758016,1774831358159758143,0.000000,3.000127,3.000127,200
1774831358205530880,1774831358205530880,1774831358206979864,0.000000,1.448984,1.448984,200
1774831358226349056,1774831358226349056,1774831358228707875,0.000000,2.358819,2.358819,200
1774831358331299072,1774831358331299072,1774831358334159584,0.000000,2.860512,2.860512,200
1774831358359378176,1774831358359378176,1774831358363102915,0.000000,3.724739,3.724739,200
1774831358402811136,1774831358402811136,1774831358405417045,0.000000,2.605909,2.605909,200
1774831358422825216,1774831358422825216,1774831358426101716,0.000000,3.276500,3.276500,200
1774831358423474944,1774831358426101716,1774831358428422667,2.626772,2.320951,4.947723,200
1774831358465082880,1774831358465082880,1774831358467214597,0.000000,2.131717,2.131717,200
1774831358484237056,1774831358484237056,1774831358486405840,0.000000,2.168784,2.168784,200
1774831358504081920,1774831358504081920,1774831358507811545,0.000000,3.729625,3.729625,200
1774831358549235968,1774831358549235968,1774831358552506774,0.000000,3.270806,3.270806,200
1774831358577556992,1774831358577556992,1774831358580444054,0.000000,2.887062,2.887062,200
1774831358590345984,1774831358590345984,1774831358596159883,0.000000,5.813899,5.813899,200
1774831358839257856,1774831358839257856,1774831358841798104,0.000000,2.540248,2.540248,200
1774831359068113152,1774831359068113152,1774831359071096293,0.000000,2.983141,2.983141,200
1774831359072130816,1774831359072130816,1774831359074892843,0.000000,2.762027,2.762027,200
1774831359089521920,1774831359089521920,1774831359091946333,0.000000,2.424413,2.424413,200
1774831359093118976,1774831359093118976,1774831359097648179,0.000000,4.529203,4.529203,200
1774831359190622208,1774831359190622208,1774831359194332843,0.000000,3.710635,3.710635,200
1774831359276130816,1774831359276130816,1774831359277944981,0.000000,1.814165,1.814165,200
1774831359359890944,1774831359359890944,1774831359362211413,0.000000,2.320469,2.320469,200
1774831359381447936,1774831359381447936,1774831359384293315,0.000000,2.845379,2.845379,200
1774831359403377152,1774831359403377152,1774831359406482332,0.000000,3.105180,3.105180,200
1774831359456252160,1774831359456252160,1774831359458089266,0.000000,1.837106,1.837106,200
1774831359517208064,1774831359517208064,1774831359518677427,0.000000,1.469363,1.469363,200
1774831359550674944,1774831359550674944,1774831359552276239,0.000000,1.601295,1.601295,200
1774831359717832960,1774831359717832960,1774831359720349073,0.000000,2.516113,2.516113,200
1774831359761831168,1774831359761831168,1774831359764327477,0.000000,2.496309,2.496309,200
1774831359765136128,1774831359765136128,1774831359767923865,0.000000,2.787737,2.787737,200
1774831359830580992,1774831359830580992,1774831359832699485,0.000000,2.118493,2.118493,200
1774831359852879104,1774831359852879104,1774831359854773265,0.000000,1.894161,1.894161,200
1774831359919527936,1774831359919527936,1774831359921083880,0.000000,1.555944,1.555944,200
1774831360008627968,1774831360008627968,1774831360011404722,0.000000,2.776754,2.776754,200
1774831360032011008,1774831360032011008,1774831360034815845,0.000000,2.804837,2.804837,200
1774831360037130240,1774831360037130240,1774831360040400058,0.000000,3.269818,3.269818,200
1774831360037262080,1774831360040400058,1774831360043511064,3.137978,3.111006,6.248984,200
1774831360057542144,1774831360057542144,1774831360059985236,0.000000,2.443092,2.443092,200
1774831360092602880,1774831360092602880,1774831360096172501,0.000000,3.569621,3.569621,200
1774831360117901056,1774831360117901056,1774831360120377063,0.000000,2.476007,2.476007,200
1774831360157797120,1774831360157797120,1774831360159973156,0.000000,2.176036,2.176036,200
1774831360195735808,1774831360195735808,1774831360197988309,0.000000,2.252501,2.252501,200
1774831360228919040,1774831360228919040,1774831360231136195,0.000000,2.217155,2.217155,200
1774831360233645056,1774831360233645056,1774831360235147280,0.000000,1.502224,1.502224,200
1774831360257276928,1774831360257276928,1774831360259937971,0.000000,2.661043,2.661043,200
1774831360354443008,1774831360354443008,1774831360357166066,0.000000,2.723058,2.723058,200
1774831360414066944,1774831360414066944,1774831360416408986,0.000000,2.342042,2.342042,200
1774831360434279936,1774831360434279936,1774831360436427755,0.000000,2.147819,2.147819,200
1774831360478523136,1774831360478523136,1774831360481329181,0.000000,2.806045,2.806045,200
1774831360478722048,1774831360481329181,1774831360485236993,2.607133,3.907812,6.514945,200
1774831360493993984,1774831360493993984,1774831360496578776,0.000000,2.584792,2.584792,200
1774831360521424896,1774831360521424896,1774831360523684588,0.000000,2.259692,2.259692,200
1774831360551660032,1774831360551660032,1774831360553873567,0.000000,2.213535,2.213535,200
1774831360588747008,1774831360588747008,1774831360591263961,0.000000,2.516953,2.516953,200
1774831360635809792,1774831360635809792,1774831360637685145,0.000000,1.875353,1.875353,200
1774831360654316800,1774831360654316800,1774831360656799587,0.000000,2.482787,2.482787,200
1774831360682688000,1774831360682688000,1774831360685287426,0.000000,2.599426,2.599426,200
1774831360698426112,1774831360698426112,1774831360702458861,0.000000,4.032749,4.032749,200
1774831360704049152,1774831360704049152,1774831360707279342,0.000000,3.230190,3.230190,200
1774831360761861120,1774831360761861120,1774831360765164145,0.000000,3.303025,3.303025,200
1774831360855667968,1774831360855667968,1774831360857816260,0.000000,2.148292,2.148292,200
1774831360886673920,1774831360886673920,1774831360889693697,0.000000,3.019777,3.019777,200
1774831360980108032,1774831360980108032,1774831360982042187,0.000000,1.934155,1.934155,200
1774831360999133952,1774831360999133952,1774831361001898952,0.000000,2.765000,2.765000,200
1774831361014772992,1774831361014772992,1774831361017611654,0.000000,2.838662,2.838662,200
1774831361017446912,1774831361017611654,1774831361019731851,0.164742,2.120197,2.284939,200
1774831361058543872,1774831361058543872,1774831361062733203,0.000000,4.189331,4.189331,200
1774831361120871936,1774831361120871936,1774831361123816416,0.000000,2.944480,2.944480,200
1774831361175961856,1774831361175961856,1774831361177564586,0.000000,1.602730,1.602730,200
1774831361255505152,1774831361255505152,1774831361258439127,0.000000,2.933975,2.933975,200
1774831361347561984,1774831361347561984,1774831361349878135,0.000000,2.316151,2.316151,200
1774831361386766848,1774831361386766848,1774831361389328274,0.000000,2.561426,2.561426,200
1774831361390407168,1774831361390407168,1774831361393278892,0.000000,2.871724,2.871724,200
1774831361411150080,1774831361411150080,1774831361413969096,0.000000,2.819016,2.819016,200
1774831361463019008,1774831361463019008,1774831361464568793,0.000000,1.549785,1.549785,200
1774831361541275136,1774831361541275136,1774831361543200293,0.000000,1.925157,1.925157,200
1774831361562073088,1774831361562073088,1774831361565170205,0.000000,3.097117,3.097117,200
1774831361595428864,1774831361595428864,1774831361598956494,0.000000,3.527630,3.527630,200
1774831361613655040,1774831361613655040,1774831361617746274,0.000000,4.091234,4.091234,200
1774831361695280128,1774831361695280128,1774831361699271867,0.000000,3.991739,3.991739,200
1774831361774816000,1774831361774816000,1774831361776359545,0.000000,1.543545,1.543545,200
1774831361924701952,1774831361924701952,1774831361927796674,0.000000,3.094722,3.094722,200
1774831362009304064,1774831362009304064,1774831362010901451,0.000000,1.597387,1.597387,200
1774831362078195968,1774831362078195968,1774831362082005663,0.000000,3.809695,3.809695,200
1774831362119494912,1774831362119494912,1774831362122220294,0.000000,2.725382,2.725382,200
1774831362150289920,1774831362150289920,1774831362152223224,0.000000,1.933304,1.933304,200
1774831362168100096,1774831362168100096,1774831362172300294,0.000000,4.200198,4.200198,200
1774831362281627904,1774831362281627904,1774831362284628446,0.000000,3.000542,3.000542,200
1774831362318810880,1774831362318810880,1774831362320418186,0.000000,1.607306,1.607306,200
1774831362401409024,1774831362401409024,1774831362404161462,0.000000,2.752438,2.752438,200
1774831362474499840,1774831362474499840,1774831362476638530,0.000000,2.138690,2.138690,200
1774831362481821952,1774831362481821952,1774831362484453652,0.000000,2.631700,2.631700,200
1774831362549430016,1774831362549430016,1774831362551713446,0.000000,2.283430,2.283430,200
1774831362566683904,1774831362566683904,1774831362570274889,0.000000,3.590985,3.590985,200
1774831362627991040,1774831362627991040,1774831362629794602,0.000000,1.803562,1.803562,200
1774831362705670144,1774831362705670144,1774831362708438853,0.000000,2.768709,2.768709,200
1774831362724615168,1774831362724615168,1774831362728617754,0.000000,4.002586,4.002586,200
1774831362785335040,1774831362785335040,1774831362787423860,0.000000,2.088820,2.088820,200
1774831362810324992,1774831362810324992,1774831362813021868,0.000000,2.696876,2.696876,200
1774831362829801984,1774831362829801984,1774831362832493124,0.000000,2.691140,2.691140,200
1774831362887373824,1774831362887373824,1774831362889534448,0.000000,2.160624,2.160624,200
1774831362917516032,1774831362917516032,1774831362920519474,0.000000,3.003442,3.003442,200
1774831362917661952,1774831362920519474,1774831362923141959,2.857522,2.622485,5.480007,200
1774831362934305792,1774831362934305792,1774831362936335389,0.000000,2.029597,2.029597,200
1774831362939513856,1774831362939513856,1774831362943465351,0.000000,3.951495,3.951495,200
1774831363017335808,1774831363017335808,1774831363020447442,0.000000,3.111634,3.111634,200
1774831363139937024,1774831363139937024,1774831363142394360,0.000000,2.457336,2.457336,200
1774831363168045056,1774831363168045056,1774831363170234077,0.000000,2.189021,2.189021,200
1774831363201470976,1774831363201470976,1774831363203581821,0.000000,2.110845,2.110845,200
1774831363234537984,1774831363234537984,1774831363238005107,0.000000,3.467123,3.467123,200
1774831363374612992,1774831363374612992,1774831363377082842,0.000000,2.469850,2.469850,200
1774831363419181056,1774831363419181056,1774831363422048310,0.000000,2.867254,2.867254,200
1774831363527380992,1774831363527380992,1774831363529827852,0.000000,2.446860,2.446860,200
1774831363544096000,1774831363544096000,1774831363547076248,0.000000,2.980248,2.980248,200
1774831363663717120,1774831363663717120,1774831363666205588,0.000000,2.488468,2.488468,200
1774831363690139136,1774831363690139136,1774831363693229572,0.000000,3.090436,3.090436,200
1774831363821551104,1774831363821551104,1774831363823998715,0.000000,2.447611,2.447611,200
1774831363839155968,1774831363839155968,1774831363842296833,0.000000,3.140865,3.140865,200
1774831363852989952,1774831363852989952,1774831363856011560,0.000000,3.021608,3.021608,200
1774831363856731904,1774831363856731904,1774831363859219986,0.000000,2.488082,2.488082,200
1774831363903009024,1774831363903009024,1774831363905081033,0.000000,2.072009,2.072009,200
1774831363924333056,1774831363924333056,1774831363926364477,0.000000,2.031421,2.031421,200
1774831363961569024,1774831363961569024,1774831363963702666,0.000000,2.133642,2.133642,200
1774831363981523968,1774831363981523968,1774831363983533317,0.000000,2.009349,2.009349,200
1774831363999975936,1774831363999975936,1774831364003144929,0.000000,3.168993,3.168993,200
1774831364029931008,1774831364029931008,1774831364032462352,0.000000,2.531344,2.531344,200
1774831364053441024,1774831364053441024,1774831364057210130,0.000000,3.769106,3.769106,200
1774831364090807808,1774831364090807808,1774831364095296109,0.000000,4.488301,4.488301,200
1774831364100459008,1774831364100459008,1774831364103034884,0.000000,2.575876,2.575876,200
1774831364195506944,1774831364195506944,1774831364197255955,0.000000,1.749011,1.749011,200
1774831364228645120,1774831364228645120,1774831364230976122,0.000000,2.331002,2.331002,200
1774831364277123840,1774831364277123840,1774831364279637329,0.000000,2.513489,2.513489,200
1774831364354567936,1774831364354567936,1774831364356342793,0.000000,1.774857,1.774857,200
1774831364385179904,1774831364385179904,1774831364387587299,0.000000,2.407395,2.407395,200
1774831364405172224,1774831364405172224,1774831364407920246,0.000000,2.748022,2.748022,200
1774831364420631040,1774831364420631040,1774831364422917714,0.000000,2.286674,2.286674,200
1774831364464256000,1774831364464256000,1774831364466375145,0.000000,2.119145,2.119145,200
1774831364484432896,1774831364484432896,1774831364486557092,0.000000,2.124196,2.124196,200
1774831364484975104,1774831364486557092,1774831364490532661,1.581988,3.975569,5.557557,200
1774831364557865984,1774831364557865984,1774831364560327839,0.000000,2.461855,2.461855,200
1774831364599344128,1774831364599344128,1774831364601431421,0.000000,2.087293,2.087293,200
1774831364617079040,1774831364617079040,1774831364619414958,0.000000,2.335918,2.335918,200
1774831364651979008,1774831364651979008,1774831364655217855,0.000000,3.238847,3.238847,200
1774831364681777920,1774831364681777920,1774831364683941213,0.000000,2.163293,2.163293,200
1774831364685360896,1774831364685360896,1774831364688244015,0.000000,2.883119,2.883119,200
1774831364703901952,1774831364703901952,1774831364706965138,0.000000,3.063186,3.063186,200
1774831364713707008,1774831364713707008,1774831364716786251,0.000000,3.079243,3.079243,200
1774831364729740032,1774831364729740032,1774831364733354259,0.000000,3.614227,3.614227,200
1774831364838246144,1774831364838246144,1774831364840482120,0.000000,2.235976,2.235976,200
1774831364871666944,1774831364871666944,1774831364875051230,0.000000,3.384286,3.384286,200
1774831364979398912,1774831364979398912,1774831364981505348,0.000000,2.106436,2.106436,200
1774831365010728960,1774831365010728960,1774831365013051319,0.000000,2.322359,2.322359,200
1774831365030409216,1774831365030409216,1774831365033846711,0.000000,3.437495,3.437495,200
1774831365053350912,1774831365053350912,1774831365056486204,0.000000,3.135292,3.135292,200
1774831365073544960,1774831365073544960,1774831365076106841,0.000000,2.561881,2.561881,200
1774831365074033920,1774831365076106841,1774831365078016374,2.072921,1.909533,3.982454,200
1774831365098962176,1774831365098962176,1774831365101902516,0.000000,2.940340,2.940340,200
1774831365150674176,1774831365150674176,1774831365152866596,0.000000,2.192420,2.192420,200
1774831365171246080,1774831365171246080,1774831365173285638,0.000000,2.039558,2.039558,200
1774831365194053888,1774831365194053888,1774831365196236740,0.000000,2.182852,2.182852,200
1774831365228198144,1774831365228198144,1774831365230918929,0.000000,2.720785,2.720785,200
1774831365233804032,1774831365233804032,1774831365235322884,0.000000,1.518852,1.518852,200
1774831365273936128,1774831365273936128,1774831365276734555,0.000000,2.798427,2.798427,200
1774831365354251008,1774831365354251008,1774831365356923597,0.000000,2.672589,2.672589,200
1774831365400855040,1774831365400855040,1774831365403072350,0.000000,2.217310,2.217310,200
1774831365422025984,1774831365422025984,1774831365425331367,0.000000,3.305383,3.305383,200
1774831365436055040,1774831365436055040,1774831365439031643,0.000000,2.976603,2.976603,200
1774831365462544896,1774831365462544896,1774831365464750359,0.000000,2.205463,2.205463,200
1774831365509646848,1774831365509646848,1774831365511817970,0.000000,2.171122,2.171122,200
1774831365525236992,1774831365525236992,1774831365528275587,0.000000,3.038595,3.038595,200
1774831365586566912,1774831365586566912,1774831365588329734,0.000000,1.762822,1.762822,200
1774831365621784832,1774831365621784832,1774831365624144031,0.000000,2.359199,2.359199,200
1774831365669882112,1774831365669882112,1774831365672074168,0.000000,2.192056,2.192056,200
1774831365692760832,1774831365692760832,1774831365695365829,0.000000,2.604997,2.604997,200
1774831365702301952,1774831365702301952,1774831365704999146,0.000000,2.697194,2.697194,200
1774831365715172096,1774831365715172096,1774831365717755954,0.000000,2.583858,2.583858,200
1774831365715503872,1774831365717755954,1774831365721142003,2.252082,3.386049,5.638131,200
1774831365737261056,1774831365737261056,1774831365739969521,0.000000,2.708465,2.708465,200
1774831365819254016,1774831365819254016,1774831365821623479,0.000000,2.369463,2.369463,200
1774831365835149056,1774831365835149056,1774831365837049469,0.000000,1.900413,1.900413,200
1774831365851324160,1774831365851324160,1774831365854382797,0.000000,3.058637,3.058637,200
1774831365882230016,1774831365882230016,1774831365885146192,0.000000,2.916176,2.916176,200
1774831365915292928,1774831365915292928,1774831365918952932,0.000000,3.660004,3.660004,200
1774831365944640000,1774831365944640000,1774831365946770116,0.000000,2.130116,2.130116,200
1774831365965166080,1774831365965166080,1774831365967743349,0.000000,2.577269,2.577269,200
1774831365976591104,1774831365976591104,1774831365979114923,0.000000,2.523819,2.523819,200
1774831366001455104,1774831366001455104,1774831366003961015,0.000000,2.505911,2.505911,200
1774831366026119936,1774831366026119936,1774831366028687054,0.000000,2.567118,2.567118,200
1774831366068568064,1774831366068568064,1774831366070246810,0.000000,1.678746,1.678746,200
1774831366131230208,1774831366131230208,1774831366134367516,0.000000,3.137308,3.137308,200
1774831366147015168,1774831366147015168,1774831366150022541,0.000000,3.007373,3.007373,200
1774831366177457152,1774831366177457152,1774831366180839555,0.000000,3.382403,3.382403,200
1774831366193121792,1774831366193121792,1774831366197577328,0.000000,4.455536,4.455536,200
1774831366277591040,1774831366277591040,1774831366279958185,0.000000,2.367145,2.367145,200
1774831366306370048,1774831366306370048,1774831366308907919,0.000000,2.537871,2.537871,200
1774831366326992896,1774831366326992896,1774831366329559630,0.000000,2.566734,2.566734,200
1774831366348210944,1774831366348210944,1774831366352341689,0.000000,4.130745,4.130745,200
1774831366412717056,1774831366412717056,1774831366414388921,0.000000,1.671865,1.671865,200
1774831366459382016,1774831366459382016,1774831366462267919,0.000000,2.885903,2.885903,200
1774831366492146944,1774831366492146944,1774831366493929514,0.000000,1.782570,1.782570,200
1774831366529908992,1774831366529908992,1774831366531265012,0.000000,1.356020,1.356020,200
1774831366707621120,1774831366707621120,1774831366709177912,0.000000,1.556792,1.556792,200
1774831366743412992,1774831366743412992,1774831366745235086,0.000000,1.822094,1.822094,200
1774831366878384128,1774831366878384128,1774831366881715739,0.000000,3.331611,3.331611,200
1774831366971770112,1774831366971770112,1774831366973837747,0.000000,2.067635,2.067635,200
1774831367002767104,1774831367002767104,1774831367005188193,0.000000,2.421089,2.421089,200
1774831367048988160,1774831367048988160,1774831367050910857,0.000000,1.922697,1.922697,200
1774831367078891008,1774831367078891008,1774831367081867252,0.000000,2.976244,2.976244,200
1774831367139112960,1774831367139112960,1774831367141065019,0.000000,1.952059,1.952059,200
1774831367190263040,1774831367190263040,1774831367193804986,0.000000,3.541946,3.541946,200
1774831367284476160,1774831367284476160,1774831367286481250,0.000000,2.005090,2.005090,200
1774831367330534912,1774831367330534912,1774831367332655935,0.000000,2.121023,2.121023,200
1774831367362071040,1774831367362071040,1774831367364710167,0.000000,2.639127,2.639127,200
1774831367381871872,1774831367381871872,1774831367384448058,0.000000,2.576186,2.576186,200
1774831367383667968,1774831367384448058,1774831367388084598,0.780090,3.636540,4.416630,200
1774831367409387008,1774831367409387008,1774831367412024619,0.000000,2.637611,2.637611,200
1774831367463949056,1774831367463949056,1774831367465850883,0.000000,1.901827,1.901827,200
1774831367493467136,1774831367493467136,1774831367495697694,0.000000,2.230558,2.230558,200
1774831367535006976,1774831367535006976,1774831367537230707,0.000000,2.223731,2.223731,200
1774831367568711168,1774831367568711168,1774831367571772210,0.000000,3.061042,3.061042,200
1774831367579802880,1774831367579802880,1774831367582617221,0.000000,2.814341,2.814341,200
1774831367595192064,1774831367595192064,1774831367597678442,0.000000,2.486378,2.486378,200
1774831367610446848,1774831367610446848,1774831367613618816,0.000000,3.171968,3.171968,200
1774831367610668800,1774831367613618816,1774831367615866929,2.950016,2.248113,5.198129,200
1774831367645534976,1774831367645534976,1774831367648011064,0.000000,2.476088,2.476088,200
1774831367651813120,1774831367651813120,1774831367654490222,0.000000,2.677102,2.677102,200
1774831367671847168,1774831367671847168,1774831367675577569,0.000000,3.730401,3.730401,200
1774831367707827968,1774831367707827968,1774831367710327149,0.000000,2.499181,2.499181,200
1774831367751464960,1774831367751464960,1774831367753813624,0.000000,2.348664,2.348664,200
1774831367765878016,1774831367765878016,1774831367767857239,0.000000,1.979223,1.979223,200
1774831367778327040,1774831367778327040,1774831367781358835,0.000000,3.031795,3.031795,200
1774831367803288064,1774831367803288064,1774831367805503672,0.000000,2.215608,2.215608,200
1774831367843662080,1774831367843662080,1774831367846448764,0.000000,2.786684,2.786684,200
1774831367860184832,1774831367860184832,1774831367861788004,0.000000,1.603172,1.603172,200
1774831367864794112,1774831367864794112,1774831367868104593,0.000000,3.310481,3.310481,200
1774831367936899840,1774831367936899840,1774831367938744429,0.000000,1.844589,1.844589,200
1774831367972126976,1774831367972126976,1774831367974241473,0.000000,2.114497,2.114497,200
1774831368019161856,1774831368019161856,1774831368022484910,0.000000,3.323054,3.323054,200
1774831368097408000,1774831368097408000,1774831368099251439,0.000000,1.843439,1.843439,200
1774831368154969856,1774831368154969856,1774831368157480805,0.000000,2.510949,2.510949,200
1774831368178199040,1774831368178199040,1774831368180806847,0.000000,2.607807,2.607807,200
1774831368188343040,1774831368188343040,1774831368190345440,0.000000,2.002400,2.002400,200
1774831368219544832,1774831368219544832,1774831368223108896,0.000000,3.564064,3.564064,200
1774831368247233024,1774831368247233024,1774831368250936515,0.000000,3.703491,3.703491,200
1774831368324990976,1774831368324990976,1774831368326566749,0.000000,1.575773,1.575773,200
1774831368448865024,1774831368448865024,1774831368450657207,0.000000,1.792183,1.792183,200
1774831368470618880,1774831368470618880,1774831368473743272,0.000000,3.124392,3.124392,200
1774831368525260032,1774831368525260032,1774831368527117801,0.000000,1.857769,1.857769,200
1774831368555731968,1774831368555731968,1774831368558058851,0.000000,2.326883,2.326883,200
1774831368600568064,1774831368600568064,1774831368603211621,0.000000,2.643557,2.643557,200
1774831368620446976,1774831368620446976,1774831368623483102,0.000000,3.036126,3.036126,200
1774831368621774848,1774831368623483102,1774831368625906699,1.708254,2.423597,4.131851,200
1774831368643436800,1774831368643436800,1774831368646058104,0.000000,2.621304,2.621304,200
1774831368654611968,1774831368654611968,1774831368656726782,0.000000,2.114814,2.114814,200
1774831368676100096,1774831368676100096,1774831368679620054,0.000000,3.519958,3.519958,200
1774831368706306048,1774831368706306048,1774831368708572605,0.000000,2.266557,2.266557,200
1774831368732105984,1774831368732105984,1774831368734889957,0.000000,2.783973,2.783973,200
1774831368747448064,1774831368747448064,1774831368749705529,0.000000,2.257465,2.257465,200
1774831368762737920,1774831368762737920,1774831368765366400,0.000000,2.628480,2.628480,200
1774831368792222976,1774831368792222976,1774831368794679673,0.000000,2.456697,2.456697,200
1774831368814382080,1774831368814382080,1774831368816842227,0.000000,2.460147,2.460147,200
1774831368817688064,1774831368817688064,1774831368819682972,0.000000,1.994908,1.994908,200
1774831368822694144,1774831368822694144,1774831368825809456,0.000000,3.115312,3.115312,200
1774831368852066048,1774831368852066048,1774831368855693066,0.000000,3.627018,3.627018,200
1774831368855928832,1774831368855928832,1774831368858647377,0.000000,2.718545,2.718545,200
1774831368901163008,1774831368901163008,1774831368904229552,0.000000,3.066544,3.066544,200
1774831368920718848,1774831368920718848,1774831368923866278,0.000000,3.147430,3.147430,200
1774831368931868160,1774831368931868160,1774831368935086054,0.000000,3.217894,3.217894,200
1774831368948314880,1774831368948314880,1774831368951074029,0.000000,2.759149,2.759149,200
1774831368960688128,1774831368960688128,1774831368963386073,0.000000,2.697945,2.697945,200
1774831368964679936,1774831368964679936,1774831368967847534,0.000000,3.167598,3.167598,200
1774831368983881984,1774831368983881984,1774831368986486311,0.000000,2.604327,2.604327,200
1774831369035810048,1774831369035810048,1774831369037824633,0.000000,2.014585,2.014585,200
1774831369054873856,1774831369054873856,1774831369057449495,0.000000,2.575639,2.575639,200
1774831369102199040,1774831369102199040,1774831369103807429,0.000000,1.608389,1.608389,200
1774831369184321024,1774831369184321024,1774831369186877865,0.000000,2.556841,2.556841,200
1774831369198395904,1774831369198395904,1774831369201230818,0.000000,2.834914,2.834914,200
1774831369204960000,1774831369204960000,1774831369208431428,0.000000,3.471428,3.471428,200
1774831369211473920,1774831369211473920,1774831369214131657,0.000000,2.657737,2.657737,200
1774831369225445888,1774831369225445888,1774831369228663904,0.000000,3.218016,3.218016,200
1774831369592640000,1774831369592640000,1774831369595200219,0.000000,2.560219,2.560219,200
1774831369611661824,1774831369611661824,1774831369613651975,0.000000,1.990151,1.990151,200
1774831369659075072,1774831369659075072,1774831369660883929,0.000000,1.808857,1.808857,200
1774831369711684096,1774831369711684096,1774831369713700758,0.000000,2.016662,2.016662,200
1774831369767541760,1774831369767541760,1774831369769370876,0.000000,1.829116,1.829116,200
1774831369817641984,1774831369817641984,1774831369820634953,0.000000,2.992969,2.992969,200
1774831369929925888,1774831369929925888,1774831369932358835,0.000000,2.432947,2.432947,200
1774831369959197952,1774831369959197952,1774831369962144565,0.000000,2.946613,2.946613,200
1774831369962407168,1774831369962407168,1774831369965014446,0.000000,2.607278,2.607278,200
1774831369978369024,1774831369978369024,1774831369981680209,0.000000,3.311185,3.311185,200
1774831369993499136,1774831369993499136,1774831369996823509,0.000000,3.324373,3.324373,200
1774831370000765952,1774831370000765952,1774831370002950308,0.000000,2.184356,2.184356,200
1774831370044061952,1774831370044061952,1774831370046455267,0.000000,2.393315,2.393315,200
1774831370048260864,1774831370048260864,1774831370050506581,0.000000,2.245717,2.245717,200
1774831370088248064,1774831370088248064,1774831370089965793,0.000000,1.717729,1.717729,200
1774831370145342208,1774831370145342208,1774831370148365925,0.000000,3.023717,3.023717,200
1774831370171961088,1774831370171961088,1774831370175392416,0.000000,3.431328,3.431328,200
1774831370189361152,1774831370189361152,1774831370191917660,0.000000,2.556508,2.556508,200
1774831370259629056,1774831370259629056,1774831370261896798,0.000000,2.267742,2.267742,200
1774831370262969856,1774831370262969856,1774831370266319464,0.000000,3.349608,3.349608,200
1774831370338514944,1774831370338514944,1774831370339952314,0.000000,1.437370,1.437370,200
1774831370453943040,1774831370453943040,1774831370456617977,0.000000,2.674937,2.674937,200
1774831370481170944,1774831370481170944,1774831370483823455,0.000000,2.652511,2.652511,200
1774831370496787968,1774831370496787968,1774831370499012754,0.000000,2.224786,2.224786,200
1774831370512548096,1774831370512548096,1774831370516155104,0.000000,3.607008,3.607008,200
1774831370527899904,1774831370527899904,1774831370531151850,0.000000,3.251946,3.251946,200
1774831370667831040,1774831370667831040,1774831370670232122,0.000000,2.401082,2.401082,200
1774831370685242880,1774831370685242880,1774831370687749356,0.000000,2.506476,2.506476,200
1774831370729758976,1774831370729758976,1774831370732086210,0.000000,2.327234,2.327234,200
1774831370733278976,1774831370733278976,1774831370735536173,0.000000,2.257197,2.257197,200
1774831370776345088,1774831370776345088,1774831370778200491,0.000000,1.855403,1.855403,200
1774831370805349120,1774831370805349120,1774831370808945817,0.000000,3.596697,3.596697,200
1774831370838351872,1774831370838351872,1774831370841649997,0.000000,3.298125,3.298125,200
1774831370884402944,1774831370884402944,1774831370887519602,0.000000,3.116658,3.116658,200
1774831370943956992,1774831370943956992,1774831370945912720,0.000000,1.955728,1.955728,200
1774831370980699904,1774831370980699904,1774831370984974119,0.000000,4.274215,4.274215,200
1774831371010333952,1774831371010333952,1774831371014503509,0.000000,4.169557,4.169557,200
1774831371151497984,1774831371151497984,1774831371154179900,0.000000,2.681916,2.681916,200
1774831371212634112,1774831371212634112,1774831371214683570,0.000000,2.049458,2.049458,200
1774831371246868992,1774831371246868992,1774831371248937610,0.000000,2.068618,2.068618,200
1774831371268071936,1774831371268071936,1774831371270910466,0.000000,2.838530,2.838530,200
1774831371310049024,1774831371310049024,1774831371312094049,0.000000,2.045025,2.045025,200
1774831371314030848,1774831371314030848,1774831371316569927,0.000000,2.539079,2.539079,200
1774831371336744192,1774831371336744192,1774831371340091937,0.000000,3.347745,3.347745,200
1774831371391195904,1774831371391195904,1774831371392962746,0.000000,1.766842,1.766842,200
1774831371461316096,1774831371461316096,1774831371465511981,0.000000,4.195885,4.195885,200
1774831371481248000,1774831371481248000,1774831371485013959,0.000000,3.765959,3.765959,200
1774831371598596096,1774831371598596096,1774831371600484274,0.000000,1.888178,1.888178,200
1774831371635750912,1774831371635750912,1774831371637558762,0.000000,1.807850,1.807850,200
1774831371708591104,1774831371708591104,1774831371710979059,0.000000,2.387955,2.387955,200
1774831371754848000,1774831371754848000,1774831371756834397,0.000000,1.986397,1.986397,200
1774831371789718016,1774831371789718016,1774831371792117583,0.000000,2.399567,2.399567,200
1774831371829417984,1774831371829417984,1774831371830774133,0.000000,1.356149,1.356149,200
1774831371964237056,1774831371964237056,1774831371966657403,0.000000,2.420347,2.420347,200
1774831371983656960,1774831371983656960,1774831371987648393,0.000000,3.991433,3.991433,200
1774831372043368960,1774831372043368960,1774831372045313998,0.000000,1.945038,1.945038,200
1774831372074855936,1774831372074855936,1774831372077249986,0.000000,2.394050,2.394050,200
1774831372100468992,1774831372100468992,1774831372102243339,0.000000,1.774347,1.774347,200
1774831372122940160,1774831372122940160,1774831372125936469,0.000000,2.996309,2.996309,200
1774831372197385984,1774831372197385984,1774831372199808348,0.000000,2.422364,2.422364,200
1774831372228380928,1774831372228380928,1774831372232510196,0.000000,4.129268,4.129268,200
1774831372264129024,1774831372264129024,1774831372266823372,0.000000,2.694348,2.694348,200
1774831372335748864,1774831372335748864,1774831372338085195,0.000000,2.336331,2.336331,200
1774831372366748928,1774831372366748928,1774831372369681035,0.000000,2.932107,2.932107,200
1774831372423917056,1774831372423917056,1774831372426177530,0.000000,2.260474,2.260474,200
1774831372444702976,1774831372444702976,1774831372446544221,0.000000,1.841245,1.841245,200
1774831372469116928,1774831372469116928,1774831372471875119,0.000000,2.758191,2.758191,200
1774831372505368064,1774831372505368064,1774831372507820708,0.000000,2.452644,2.452644,200
1774831372526748928,1774831372526748928,1774831372529416524,0.000000,2.667596,2.667596,200
1774831372541798144,1774831372541798144,1774831372544606715,0.000000,2.808571,2.808571,200
1774831372594788096,1774831372594788096,1774831372597046294,0.000000,2.258198,2.258198,200
1774831372623940864,1774831372623940864,1774831372626781511,0.000000,2.840647,2.840647,200
1774831372629300992,1774831372629300992,1774831372633228895,0.000000,3.927903,3.927903,200
1774831372676029952,1774831372676029952,1774831372677979207,0.000000,1.949255,1.949255,200
1774831372695846912,1774831372695846912,1774831372699774553,0.000000,3.927641,3.927641,200
1774831372777390848,1774831372777390848,1774831372779802806,0.000000,2.411958,2.411958,200
1774831372825635840,1774831372825635840,1774831372827755924,0.000000,2.120084,2.120084,200
1774831372843101952,1774831372843101952,1774831372847756711,0.000000,4.654759,4.654759,200
1774831372865026048,1774831372865026048,1774831372867686236,0.000000,2.660188,2.660188,200
1774831372958151168,1774831372958151168,1774831372961739421,0.000000,3.588253,3.588253,200
1774831372975574016,1774831372975574016,1774831372978705619,0.000000,3.131603,3.131603,200
1774831373021456896,1774831373021456896,1774831373023149732,0.000000,1.692836,1.692836,200
1774831373040054016,1774831373040054016,1774831373042691895,0.000000,2.637879,2.637879,200
1774831373114306816,1774831373114306816,1774831373116556689,0.000000,2.249873,2.249873,200
1774831373161186816,1774831373161186816,1774831373163026935,0.000000,1.840119,1.840119,200
1774831373186862080,1774831373186862080,1774831373188517359,0.000000,1.655279,1.655279,200
1774831373211017984,1774831373211017984,1774831373213643855,0.000000,2.625871,2.625871,200
1774831373284753152,1774831373284753152,1774831373287714267,0.000000,2.961115,2.961115,200
1774831373305253120,1774831373305253120,1774831373308072230,0.000000,2.819110,2.819110,200
1774831373315869952,1774831373315869952,1774831373318244768,0.000000,2.374816,2.374816,200
1774831373335941120,1774831373335941120,1774831373338044621,0.000000,2.103501,2.103501,200
1774831373367162880,1774831373367162880,1774831373369171055,0.000000,2.008175,2.008175,200
1774831373396300032,1774831373396300032,1774831373398533434,0.000000,2.233402,2.233402,200
1774831373417494016,1774831373417494016,1774831373419479478,0.000000,1.985462,1.985462,200
1774831373454768896,1774831373454768896,1774831373457204445,0.000000,2.435549,2.435549,200
1774831373485713920,1774831373485713920,1774831373488260089,0.000000,2.546169,2.546169,200
1774831373531110912,1774831373531110912,1774831373533164528,0.000000,2.053616,2.053616,200
1774831373552998912,1774831373552998912,1774831373555417265,0.000000,2.418353,2.418353,200
1774831373582040064,1774831373582040064,1774831373584163443,0.000000,2.123379,2.123379,200
1774831373600887040,1774831373600887040,1774831373603444780,0.000000,2.557740,2.557740,200
1774831373640068096,1774831373640068096,1774831373642969189,0.000000,2.901093,2.901093,200
1774831373640284928,1774831373642969189,1774831373645644554,2.684261,2.675365,5.359626,200
1774831373645602048,1774831373645644554,1774831373648520797,0.042506,2.876243,2.918749,200
1774831373663471104,1774831373663471104,1774831373665175895,0.000000,1.704791,1.704791,200
1774831373672044032,1774831373672044032,1774831373674376617,0.000000,2.332585,2.332585,200
1774831373713547008,1774831373713547008,1774831373716288132,0.000000,2.741124,2.741124,200
1774831373736460800,1774831373736460800,1774831373739459268,0.000000,2.998468,2.998468,200
1774831373746370048,1774831373746370048,1774831373748097664,0.000000,1.727616,1.727616,200
1774831373777611008,1774831373777611008,1774831373780273920,0.000000,2.662912,2.662912,200
1774831373808167936,1774831373808167936,1774831373811614188,0.000000,3.446252,3.446252,200
1774831373958301952,1774831373958301952,1774831373960752337,0.000000,2.450385,2.450385,200
1774831373987791104,1774831373987791104,1774831373990292609,0.000000,2.501505,2.501505,200
1774831374028625920,1774831374028625920,1774831374031486840,0.000000,2.860920,2.860920,200
1774831374028760832,1774831374031486840,1774831374034208044,2.726008,2.721204,5.447212,200
1774831374044118784,1774831374044118784,1774831374047142069,0.000000,3.023285,3.023285,200
1774831374049464064,1774831374049464064,1774831374052070688,0.000000,2.606624,2.606624,200
1774831374059514112,1774831374059514112,1774831374062172647,0.000000,2.658535,2.658535,200
1774831374063462144,1774831374063462144,1774831374065573986,0.000000,2.111842,2.111842,200
1774831374079646976,1774831374079646976,1774831374082102297,0.000000,2.455321,2.455321,200
1774831374096736000,1774831374096736000,1774831374100222111,0.000000,3.486111,3.486111,200
1774831374223437056,1774831374223437056,1774831374225872068,0.000000,2.435012,2.435012,200
1774831374276397056,1774831374276397056,1774831374278853510,0.000000,2.456454,2.456454,200
1774831374303305984,1774831374303305984,1774831374305574669,0.000000,2.268685,2.268685,200
1774831374322486016,1774831374322486016,1774831374325594258,0.000000,3.108242,3.108242,200
1774831374402019072,1774831374402019072,1774831374404093684,0.000000,2.074612,2.074612,200
1774831374433118208,1774831374433118208,1774831374436322279,0.000000,3.204071,3.204071,200
1774831374499241216,1774831374499241216,1774831374501274212,0.000000,2.032996,2.032996,200
1774831374533278976,1774831374533278976,1774831374535252387,0.000000,1.973411,1.973411,200
1774831374558716160,1774831374558716160,1774831374561409911,0.000000,2.693751,2.693751,200
1774831374581080064,1774831374581080064,1774831374583724030,0.000000,2.643966,2.643966,200
1774831374602305792,1774831374602305792,1774831374605061003,0.000000,2.755211,2.755211,200
1774831374609935872,1774831374609935872,1774831374613262164,0.000000,3.326292,3.326292,200
1774831374713815040,1774831374713815040,1774831374716128293,0.000000,2.313253,2.313253,200
1774831374735462912,1774831374735462912,1774831374738318579,0.000000,2.855667,2.855667,200
1774831374821810944,1774831374821810944,1774831374823857579,0.000000,2.046635,2.046635,200
1774831374841711872,1774831374841711872,1774831374845203178,0.000000,3.491306,3.491306,200
1774831374844103936,1774831374845203178,1774831374848195227,1.099242,2.992049,4.091291,200
1774831374883212032,1774831374883212032,1774831374886134226,0.000000,2.922194,2.922194,200
1774831374883385856,1774831374886134226,1774831374888816024,2.748370,2.681798,5.430168,200
1774831374898454784,1774831374898454784,1774831374900564986,0.000000,2.110202,2.110202,200
1774831374908754176,1774831374908754176,1774831374911116428,0.000000,2.362252,2.362252,200
1774831374945019904,1774831374945019904,1774831374947917208,0.000000,2.897304,2.897304,200
1774831375132728064,1774831375132728064,1774831375135276555,0.000000,2.548491,2.548491,200
1774831375150810112,1774831375150810112,1774831375153449892,0.000000,2.639780,2.639780,200
1774831375187247104,1774831375187247104,1774831375189079073,0.000000,1.831969,1.831969,200
1774831375243653120,1774831375243653120,1774831375246330441,0.000000,2.677321,2.677321,200
1774831375306451200,1774831375306451200,1774831375308610640,0.000000,2.159440,2.159440,200
1774831375321896192,1774831375321896192,1774831375323857224,0.000000,1.961032,1.961032,200
1774831375327817984,1774831375327817984,1774831375330282848,0.000000,2.464864,2.464864,200
1774831375367783168,1774831375367783168,1774831375369404245,0.000000,1.621077,1.621077,200
1774831375398499840,1774831375398499840,1774831375401540994,0.000000,3.041154,3.041154,200
1774831375460974080,1774831375460974080,1774831375464132336,0.000000,3.158256,3.158256,200
1774831375635132160,1774831375635132160,1774831375637659248,0.000000,2.527088,2.527088,200
1774831375653593088,1774831375653593088,1774831375655597844,0.000000,2.004756,2.004756,200
1774831375688487168,1774831375688487168,1774831375690515965,0.000000,2.028797,2.028797,200
1774831375727042816,1774831375727042816,1774831375729509843,0.000000,2.467027,2.467027,200
1774831375789968896,1774831375789968896,1774831375791378656,0.000000,1.409760,1.409760,200
1774831375898912000,1774831375898912000,1774831375901588915,0.000000,2.676915,2.676915,200
1774831375918914048,1774831375918914048,1774831375921929746,0.000000,3.015698,3.015698,200
1774831375934865920,1774831375934865920,1774831375937237191,0.000000,2.371271,2.371271,200
1774831375959886080,1774831375959886080,1774831375962153146,0.000000,2.267066,2.267066,200
1774831375977912832,1774831375977912832,1774831375980590729,0.000000,2.677897,2.677897,200
1774831375991723008,1774831375991723008,1774831375994514471,0.000000,2.791463,2.791463,200
1774831376003247872,1774831376003247872,1774831376006600159,0.000000,3.352287,3.352287,200
1774831376007080960,1774831376007080960,1774831376009653144,0.000000,2.572184,2.572184,200
1774831376037949184,1774831376037949184,1774831376040109778,0.000000,2.160594,2.160594,200
1774831376057650176,1774831376057650176,1774831376059935816,0.000000,2.285640,2.285640,200
1774831376073875968,1774831376073875968,1774831376076553851,0.000000,2.677883,2.677883,200
1774831376074609152,1774831376076553851,1774831376080310078,1.944699,3.756227,5.700926,200
1774831376131373824,1774831376131373824,1774831376133740208,0.000000,2.366384,2.366384,200
1774831376159277824,1774831376159277824,1774831376161253790,0.000000,1.975966,1.975966,200
1774831376193513984,1774831376193513984,1774831376195580730,0.000000,2.066746,2.066746,200
1774831376241632000,1774831376241632000,1774831376243160117,0.000000,1.528117,1.528117,200
1774831376332962048,1774831376332962048,1774831376335739216,0.000000,2.777168,2.777168,200
1774831376394618880,1774831376394618880,1774831376396450170,0.000000,1.831290,1.831290,200
1774831376442870016,1774831376442870016,1774831376444759858,0.000000,1.889842,1.889842,200
1774831376477731840,1774831376477731840,1774831376479305907,0.000000,1.574067,1.574067,200
1774831376587548928,1774831376587548928,1774831376589493299,0.000000,1.944371,1.944371,200
1774831376623152128,1774831376623152128,1774831376626097362,0.000000,2.945234,2.945234,200
1774831376655297024,1774831376655297024,1774831376657150986,0.000000,1.853962,1.853962,200
1774831376686480896,1774831376686480896,1774831376688145194,0.000000,1.664298,1.664298,200
1774831376776667136,1774831376776667136,1774831376779342592,0.000000,2.675456,2.675456,200
1774831376847488000,1774831376847488000,1774831376849842238,0.000000,2.354238,2.354238,200
1774831376866724864,1774831376866724864,1774831376869572945,0.000000,2.848081,2.848081,200
1774831376871845120,1774831376871845120,1774831376874917881,0.000000,3.072761,3.072761,200
1774831376892289024,1774831376892289024,1774831376894844229,0.000000,2.555205,2.555205,200
1774831376938113024,1774831376938113024,1774831376939973202,0.000000,1.860178,1.860178,200
1774831376960344064,1774831376960344064,1774831376962827744,0.000000,2.483680,2.483680,200
1774831376996634880,1774831376996634880,1774831376999531100,0.000000,2.896220,2.896220,200
1774831376996932864,1774831376999531100,1774831377001749250,2.598236,2.218150,4.816386,200
1774831377038295040,1774831377038295040,1774831377040092318,0.000000,1.797278,1.797278,200
1774831377074775040,1774831377074775040,1774831377078134318,0.000000,3.359278,3.359278,200
1774831377188702208,1774831377188702208,1774831377191013894,0.000000,2.311686,2.311686,200
1774831377229240064,1774831377229240064,1774831377231555178,0.000000,2.315114,2.315114,200
1774831377247601152,1774831377247601152,1774831377250171794,0.000000,2.570642,2.570642,200
1774831377248924928,1774831377250171794,1774831377253471927,1.246866,3.300133,4.546999,200
1774831377250631168,1774831377253471927,1774831377256204210,2.840759,2.732283,5.573042,200
1774831377287788032,1774831377287788032,1774831377290146881,0.000000,2.358849,2.358849,200
1774831377301059840,1774831377301059840,1774831377304088711,0.000000,3.028871,3.028871,200
1774831377308293120,1774831377308293120,1774831377312637557,0.000000,4.344437,4.344437,200
1774831377329242880,1774831377329242880,1774831377332846525,0.000000,3.603645,3.603645,200
1774831377432610048,1774831377432610048,1774831377435632019,0.000000,3.021971,3.021971,200
1774831377516091136,1774831377516091136,1774831377518033453,0.000000,1.942317,1.942317,200
1774831377545819136,1774831377545819136,1774831377552269332,0.000000,6.450196,6.450196,200
1774831377658958080,1774831377658958080,1774831377660864210,0.000000,1.906130,1.906130,200
1774831377968681216,1774831377968681216,1774831377971017764,0.000000,2.336548,2.336548,200
1774831378028600064,1774831378028600064,1774831378030755275,0.000000,2.155211,2.155211,200
1774831378040678144,1774831378040678144,1774831378044500327,0.000000,3.822183,3.822183,200
1774831378046732032,1774831378046732032,1774831378049571744,0.000000,2.839712,2.839712,200
1774831378083107072,1774831378083107072,1774831378084908930,0.000000,1.801858,1.801858,200
1774831378108737024,1774831378108737024,1774831378111471977,0.000000,2.734953,2.734953,200
1774831378151155968,1774831378151155968,1774831378154085645,0.000000,2.929677,2.929677,200
1774831378261991936,1774831378261991936,1774831378264359363,0.000000,2.367427,2.367427,200
1774831378265398016,1774831378265398016,1774831378267294066,0.000000,1.896050,1.896050,200
1774831378292649984,1774831378292649984,1774831378294791893,0.000000,2.141909,2.141909,200
1774831378333102080,1774831378333102080,1774831378335401503,0.000000,2.299423,2.299423,200
1774831378359981056,1774831378359981056,1774831378362555987,0.000000,2.574931,2.574931,200
1774831378396099072,1774831378396099072,1774831378398351944,0.000000,2.252872,2.252872,200
1774831378399451136,1774831378399451136,1774831378402519860,0.000000,3.068724,3.068724,200
1774831378426435840,1774831378426435840,1774831378428462351,0.000000,2.026511,2.026511,200
1774831378473495040,1774831378473495040,1774831378475166836,0.000000,1.671796,1.671796,200
1774831378536672000,1774831378536672000,1774831378538806348,0.000000,2.134348,2.134348,200
1774831378566900992,1774831378566900992,1774831378570470288,0.000000,3.569296,3.569296,200
1774831378586582784,1774831378586582784,1774831378588806311,0.000000,2.223527,2.223527,200
1774831378604321024,1774831378604321024,1774831378608877787,0.000000,4.556763,4.556763,200
1774831378721508864,1774831378721508864,1774831378724398832,0.000000,2.889968,2.889968,200
1774831378779463168,1774831378779463168,1774831378781385432,0.000000,1.922264,1.922264,200
1774831378811599104,1774831378811599104,1774831378813684160,0.000000,2.085056,2.085056,200
1774831378848200192,1774831378848200192,1774831378850918887,0.000000,2.718695,2.718695,200
1774831378866673920,1774831378866673920,1774831378868589938,0.000000,1.916018,1.916018,200
1774831378869602816,1774831378869602816,1774831378874197628,0.000000,4.594812,4.594812,200
1774831379020292096,1774831379020292096,1774831379022298279,0.000000,2.006183,2.006183,200
1774831379040067072,1774831379040067072,1774831379043095055,0.000000,3.027983,3.027983,200
1774831379068392960,1774831379068392960,1774831379072061373,0.000000,3.668413,3.668413,200
1774831379253266176,1774831379253266176,1774831379255758801,0.000000,2.492625,2.492625,200
1774831379276182016,1774831379276182016,1774831379278185746,0.000000,2.003730,2.003730,200
1774831379316344064,1774831379316344064,1774831379318738115,0.000000,2.394051,2.394051,200
1774831379337219840,1774831379337219840,1774831379340019269,0.000000,2.799429,2.799429,200
1774831379363461888,1774831379363461888,1774831379366638660,0.000000,3.176772,3.176772,200
1774831379368283136,1774831379368283136,1774831379370879705,0.000000,2.596569,2.596569,200
1774831379411948800,1774831379411948800,1774831379413762634,0.000000,1.813834,1.813834,200
1774831379450828032,1774831379450828032,1774831379453415415,0.000000,2.587383,2.587383,200
1774831379517828096,1774831379517828096,1774831379519997433,0.000000,2.169337,2.169337,200
1774831379536441088,1774831379536441088,1774831379537936853,0.000000,1.495765,1.495765,200
1774831379558693888,1774831379558693888,1774831379560850335,0.000000,2.156447,2.156447,200
1774831379675234048,1774831379675234048,1774831379677033545,0.000000,1.799497,1.799497,200
1774831379695753216,1774831379695753216,1774831379698711854,0.000000,2.958638,2.958638,200
1774831379736455936,1774831379736455936,1774831379740588695,0.000000,4.132759,4.132759,200
1774831379757265920,1774831379757265920,1774831379761312670,0.000000,4.046750,4.046750,200
1774831379892891904,1774831379892891904,1774831379895115402,0.000000,2.223498,2.223498,200
1774831379913160960,1774831379913160960,1774831379915443153,0.000000,2.282193,2.282193,200
1774831379954366976,1774831379954366976,1774831379957400809,0.000000,3.033833,3.033833,200
1774831379954503168,1774831379957400809,1774831379960726077,2.897641,3.325268,6.222909,200
1774831379985121024,1774831379985121024,1774831379987430724,0.000000,2.309700,2.309700,200
1774831380014791936,1774831380014791936,1774831380017264124,0.000000,2.472188,2.472188,200
1774831380021327104,1774831380021327104,1774831380025736099,0.000000,4.408995,4.408995,200
1774831380191653120,1774831380191653120,1774831380194146819,0.000000,2.493699,2.493699,200
1774831380300548096,1774831380300548096,1774831380302820237,0.000000,2.272141,2.272141,200
1774831380322721024,1774831380322721024,1774831380325358315,0.000000,2.637291,2.637291,200
1774831380350394112,1774831380350394112,1774831380353347544,0.000000,2.953432,2.953432,200
1774831380400228096,1774831380400228096,1774831380402219146,0.000000,1.991050,1.991050,200
1774831380425312000,1774831380425312000,1774831380427720635,0.000000,2.408635,2.408635,200
1774831380477395968,1774831380477395968,1774831380479317317,0.000000,1.921349,1.921349,200
1774831380497153024,1774831380497153024,1774831380499544014,0.000000,2.390990,2.390990,200
1774831380518675200,1774831380518675200,1774831380522740097,0.000000,4.064897,4.064897,200
1774831380591499008,1774831380591499008,1774831380594572648,0.000000,3.073640,3.073640,200
1774831380738243072,1774831380738243072,1774831380740745942,0.000000,2.502870,2.502870,200
1774831380774386944,1774831380774386944,1774831380776421874,0.000000,2.034930,2.034930,200
1774831380799694080,1774831380799694080,1774831380802065635,0.000000,2.371555,2.371555,200
1774831380811687936,1774831380811687936,1774831380815004575,0.000000,3.316639,3.316639,200
1774831380916055040,1774831380916055040,1774831380918284855,0.000000,2.229815,2.229815,200
1774831380940939008,1774831380940939008,1774831380944598662,0.000000,3.659654,3.659654,200
1774831381014900992,1774831381014900992,1774831381016726739,0.000000,1.825747,1.825747,200
1774831381094752000,1774831381094752000,1774831381097136063,0.000000,2.384063,2.384063,200
1774831381114049024,1774831381114049024,1774831381117981831,0.000000,3.932807,3.932807,200
1774831381186230784,1774831381186230784,1774831381187792565,0.000000,1.561781,1.561781,200
1774831381227427840,1774831381227427840,1774831381230858845,0.000000,3.431005,3.431005,200
1774831381310981888,1774831381310981888,1774831381312605012,0.000000,1.623124,1.623124,200
1774831381335386880,1774831381335386880,1774831381337891268,0.000000,2.504388,2.504388,200
1774831381397922048,1774831381397922048,1774831381400376102,0.000000,2.454054,2.454054,200
1774831381434910976,1774831381434910976,1774831381438047749,0.000000,3.136773,3.136773,200
1774831381440926976,1774831381440926976,1774831381442104565,0.000000,1.177589,1.177589,200
1774831381467888128,1774831381467888128,1774831381469484917,0.000000,1.596789,1.596789,200
1774831381732173056,1774831381732173056,1774831381734400496,0.000000,2.227440,2.227440,200
1774831381758795008,1774831381758795008,1774831381761378934,0.000000,2.583926,2.583926,200
1774831381789859072,1774831381789859072,1774831381791914090,0.000000,2.055018,2.055018,200
1774831381807708928,1774831381807708928,1774831381810133949,0.000000,2.425021,2.425021,200
1774831381827020800,1774831381827020800,1774831381828932798,0.000000,1.911998,1.911998,200
1774831381847784960,1774831381847784960,1774831381850104614,0.000000,2.319654,2.319654,200
1774831381877825024,1774831381877825024,1774831381879903682,0.000000,2.078658,2.078658,200
1774831381902394112,1774831381902394112,1774831381905113241,0.000000,2.719129,2.719129,200
1774831381930514944,1774831381930514944,1774831381933469625,0.000000,2.954681,2.954681,200
1774831381946221056,1774831381946221056,1774831381949864982,0.000000,3.643926,3.643926,200
1774831381980363008,1774831381980363008,1774831381982541412,0.000000,2.178404,2.178404,200
1774831382022810880,1774831382022810880,1774831382025178594,0.000000,2.367714,2.367714,200
1774831382042723840,1774831382042723840,1774831382045314679,0.000000,2.590839,2.590839,200
1774831382089953024,1774831382089953024,1774831382092334228,0.000000,2.381204,2.381204,200
1774831382094384896,1774831382094384896,1774831382096912883,0.000000,2.527987,2.527987,200
1774831382133088000,1774831382133088000,1774831382134830923,0.000000,1.742923,1.742923,200
1774831382181740032,1774831382181740032,1774831382184546043,0.000000,2.806011,2.806011,200
1774831382248371968,1774831382248371968,1774831382250415897,0.000000,2.043929,2.043929,200
1774831382269401088,1774831382269401088,1774831382271424102,0.000000,2.023014,2.023014,200
1774831382313345792,1774831382313345792,1774831382315077614,0.000000,1.731822,1.731822,200
1774831382379776000,1774831382379776000,1774831382383183925,0.000000,3.407925,3.407925,200
1774831382539014144,1774831382539014144,1774831382541487566,0.000000,2.473422,2.473422,200
1774831382575313152,1774831382575313152,1774831382578711432,0.000000,3.398280,3.398280,200
1774831382605920000,1774831382605920000,1774831382608658130,0.000000,2.738130,2.738130,200
1774831382620448000,1774831382620448000,1774831382622131373,0.000000,1.683373,1.683373,200
1774831382648339968,1774831382648339968,1774831382650300826,0.000000,1.960858,1.960858,200
1774831382729892864,1774831382729892864,1774831382732978797,0.000000,3.085933,3.085933,200
1774831382808439040,1774831382808439040,1774831382810559617,0.000000,2.120577,2.120577,200
1774831382828907008,1774831382828907008,1774831382830864659,0.000000,1.957651,1.957651,200
1774831382849401088,1774831382849401088,1774831382851851010,0.000000,2.449922,2.449922,200
1774831382872009984,1774831382872009984,1774831382874461361,0.000000,2.451377,2.451377,200
1774831382931997184,1774831382931997184,1774831382933993032,0.000000,1.995848,1.995848,200
1774831382963522816,1774831382963522816,1774831382965885781,0.000000,2.362965,2.362965,200
1774831382985858816,1774831382985858816,1774831382988134781,0.000000,2.275965,2.275965,200
1774831383025402112,1774831383025402112,1774831383026755324,0.000000,1.353212,1.353212,200
1774831383056967936,1774831383056967936,1774831383059865871,0.000000,2.897935,2.897935,200
1774831383157512960,1774831383157512960,1774831383159609812,0.000000,2.096852,2.096852,200
1774831383196365056,1774831383196365056,1774831383199895497,0.000000,3.530441,3.530441,200
1774831383222004992,1774831383222004992,1774831383223934038,0.000000,1.929046,1.929046,200
1774831383263219968,1774831383263219968,1774831383264955431,0.000000,1.735463,1.735463,200
1774831383339538944,1774831383339538944,1774831383342969283,0.000000,3.430339,3.430339,200
1774831383415705856,1774831383415705856,1774831383417438989,0.000000,1.733133,1.733133,200
1774831383507677952,1774831383507677952,1774831383509867242,0.000000,2.189290,2.189290,200
1774831383527739904,1774831383527739904,1774831383530706188,0.000000,2.966284,2.966284,200
1774831383557591808,1774831383557591808,1774831383559952737,0.000000,2.360929,2.360929,200
1774831383600017152,1774831383600017152,1774831383601720493,0.000000,1.703341,1.703341,200
1774831383646256896,1774831383646256896,1774831383648938797,0.000000,2.681901,2.681901,200
1774831383738620928,1774831383738620928,1774831383741061851,0.000000,2.440923,2.440923,200
1774831383742157056,1774831383742157056,1774831383745669648,0.000000,3.512592,3.512592,200
1774831383758703872,1774831383758703872,1774831383761663817,0.000000,2.959945,2.959945,200
1774831383799365120,1774831383799365120,1774831383804772269,0.000000,5.407149,5.407149,200
1774831383863394048,1774831383863394048,1774831383865101411,0.000000,1.707363,1.707363,200
1774831384102336000,1774831384102336000,1774831384104882929,0.000000,2.546929,2.546929,200
1774831384156534016,1774831384156534016,1774831384158503120,0.000000,1.969104,1.969104,200
1774831384179474176,1774831384179474176,1774831384182876860,0.000000,3.402684,3.402684,200
1774831384198679808,1774831384198679808,1774831384201814685,0.000000,3.134877,3.134877,200
1774831384233563904,1774831384233563904,1774831384236646880,0.000000,3.082976,3.082976,200
1774831384306472960,1774831384306472960,1774831384308587463,0.000000,2.114503,2.114503,200
1774831384330776832,1774831384330776832,1774831384332908156,0.000000,2.131324,2.131324,200
1774831384376961024,1774831384376961024,1774831384378514428,0.000000,1.553404,1.553404,200
1774831384470208000,1774831384470208000,1774831384474108726,0.000000,3.900726,3.900726,200
1774831384502208000,1774831384502208000,1774831384505109902,0.000000,2.901902,2.901902,200
1774831384548916992,1774831384548916992,1774831384551318250,0.000000,2.401258,2.401258,200
1774831384568656896,1774831384568656896,1774831384571879175,0.000000,3.222279,3.222279,200
1774831384579209984,1774831384579209984,1774831384582290590,0.000000,3.080606,3.080606,200
1774831384596718080,1774831384596718080,1774831384599973654,0.000000,3.255574,3.255574,200
1774831384616663808,1774831384616663808,1774831384618380596,0.000000,1.716788,1.716788,200
1774831384654120960,1774831384654120960,1774831384656268782,0.000000,2.147822,2.147822,200
1774831384718920960,1774831384718920960,1774831384721607757,0.000000,2.686797,2.686797,200
1774831384723432960,1774831384723432960,1774831384726227709,0.000000,2.794749,2.794749,200
1774831384739005184,1774831384739005184,1774831384742246337,0.000000,3.241153,3.241153,200
1774831384792474880,1774831384792474880,1774831384794472317,0.000000,1.997437,1.997437,200
1774831384842585088,1774831384842585088,1774831384845227121,0.000000,2.642033,2.642033,200
1774831384872495872,1774831384872495872,1774831384876903157,0.000000,4.407285,4.407285,200
1774831384950247168,1774831384950247168,1774831384953283348,0.000000,3.036180,3.036180,200
1774831384981661952,1774831384981661952,1774831384984834667,0.000000,3.172715,3.172715,200
1774831384996589056,1774831384996589056,1774831384999137545,0.000000,2.548489,2.548489,200
1774831385003646976,1774831385003646976,1774831385006740285,0.000000,3.093309,3.093309,200
1774831385012526080,1774831385012526080,1774831385016518627,0.000000,3.992547,3.992547,200
1774831385027840000,1774831385027840000,1774831385030468686,0.000000,2.628686,2.628686,200
1774831385069086976,1774831385069086976,1774831385072548160,0.000000,3.461184,3.461184,200
1774831385168257024,1774831385168257024,1774831385170321210,0.000000,2.064186,2.064186,200
1774831385197805824,1774831385197805824,1774831385200766826,0.000000,2.961002,2.961002,200
1774831385217057024,1774831385217057024,1774831385220256140,0.000000,3.199116,3.199116,200
1774831385240431104,1774831385240431104,1774831385242558835,0.000000,2.127731,2.127731,200
1774831385279000064,1774831385279000064,1774831385282355632,0.000000,3.355568,3.355568,200
1774831385309654016,1774831385309654016,1774831385311822344,0.000000,2.168328,2.168328,200
1774831385329427968,1774831385329427968,1774831385331527990,0.000000,2.100022,2.100022,200
1774831385372463104,1774831385372463104,1774831385375022911,0.000000,2.559807,2.559807,200
1774831385387228928,1774831385387228928,1774831385391349316,0.000000,4.120388,4.120388,200
1774831385428438784,1774831385428438784,1774831385431201873,0.000000,2.763089,2.763089,200
1774831385445447936,1774831385445447936,1774831385448672016,0.000000,3.224080,3.224080,200
1774831385478985984,1774831385478985984,1774831385481124328,0.000000,2.138344,2.138344,200
1774831385498512896,1774831385498512896,1774831385501122785,0.000000,2.609889,2.609889,200
1774831385499828224,1774831385501122785,1774831385503039316,1.294561,1.916531,3.211092,200
1774831385541336064,1774831385541336064,1774831385543560714,0.000000,2.224650,2.224650,200
1774831385562436096,1774831385562436096,1774831385565581646,0.000000,3.145550,3.145550,200
1774831385758136064,1774831385758136064,1774831385760672527,0.000000,2.536463,2.536463,200
1774831385790926080,1774831385790926080,1774831385794586523,0.000000,3.660443,3.660443,200
1774831385933486848,1774831385933486848,1774831385935922912,0.000000,2.436064,2.436064,200
1774831385968038144,1774831385968038144,1774831385970476897,0.000000,2.438753,2.438753,200
1774831385987020032,1774831385987020032,1774831385990526425,0.000000,3.506393,3.506393,200
1774831386026686976,1774831386026686976,1774831386028869569,0.000000,2.182593,2.182593,200
1774831386060313856,1774831386060313856,1774831386062075077,0.000000,1.761221,1.761221,200
1774831386114098944,1774831386114098944,1774831386117626637,0.000000,3.527693,3.527693,200
1774831386134270976,1774831386134270976,1774831386137106460,0.000000,2.835484,2.835484,200
1774831386167643136,1774831386167643136,1774831386169145561,0.000000,1.502425,1.502425,200
1774831386188582912,1774831386188582912,1774831386191171700,0.000000,2.588788,2.588788,200
1774831386275234048,1774831386275234048,1774831386277552267,0.000000,2.318219,2.318219,200
1774831386295963136,1774831386295963136,1774831386299897954,0.000000,3.934818,3.934818,200
1774831386352256000,1774831386352256000,1774831386354395822,0.000000,2.139822,2.139822,200
1774831386399464960,1774831386399464960,1774831386401684323,0.000000,2.219363,2.219363,200
1774831386421808896,1774831386421808896,1774831386423855237,0.000000,2.046341,2.046341,200
1774831386447324928,1774831386447324928,1774831386449300150,0.000000,1.975222,1.975222,200
1774831386486387968,1774831386486387968,1774831386488542857,0.000000,2.154889,2.154889,200
1774831386531225856,1774831386531225856,1774831386533023814,0.000000,1.797958,1.797958,200
1774831386584980992,1774831386584980992,1774831386586967363,0.000000,1.986371,1.986371,200
1774831386627556096,1774831386627556096,1774831386629280065,0.000000,1.723969,1.723969,200
1774831386698712064,1774831386698712064,1774831386700483063,0.000000,1.770999,1.770999,200
1774831386758138880,1774831386758138880,1774831386759882878,0.000000,1.743998,1.743998,200
1774831386831877120,1774831386831877120,1774831386834129299,0.000000,2.252179,2.252179,200
1774831386882416128,1774831386882416128,1774831386884579954,0.000000,2.163826,2.163826,200
1774831386902556928,1774831386902556928,1774831386904450048,0.000000,1.893120,1.893120,200
1774831386926873856,1774831386926873856,1774831386929754437,0.000000,2.880581,2.880581,200
1774831386957825024,1774831386957825024,1774831386960355449,0.000000,2.530425,2.530425,200
1774831387005646848,1774831387005646848,1774831387007949032,0.000000,2.302184,2.302184,200
1774831387025036032,1774831387025036032,1774831387027320148,0.000000,2.284116,2.284116,200
1774831387051585792,1774831387051585792,1774831387055376098,0.000000,3.790306,3.790306,200
1774831387082288128,1774831387082288128,1774831387085004442,0.000000,2.716314,2.716314,200
1774831387101725184,1774831387101725184,1774831387104603714,0.000000,2.878530,2.878530,200
1774831387103457024,1774831387104603714,1774831387105958243,1.146690,1.354529,2.501219,200
1774831387126564864,1774831387126564864,1774831387128744708,0.000000,2.179844,2.179844,200
1774831387268847104,1774831387268847104,1774831387270347380,0.000000,1.500276,1.500276,200
1774831387299855104,1774831387299855104,1774831387302160562,0.000000,2.305458,2.305458,200
1774831387385293056,1774831387385293056,1774831387388100142,0.000000,2.807086,2.807086,200
1774831387455425024,1774831387455425024,1774831387457593859,0.000000,2.168835,2.168835,200
1774831387488370944,1774831387488370944,1774831387491280279,0.000000,2.909335,2.909335,200
1774831387537324800,1774831387537324800,1774831387539315307,0.000000,1.990507,1.990507,200
1774831387581248000,1774831387581248000,1774831387584198598,0.000000,2.950598,2.950598,200
1774831387629700864,1774831387629700864,1774831387631447468,0.000000,1.746604,1.746604,200
1774831387693690112,1774831387693690112,1774831387696090880,0.000000,2.400768,2.400768,200
1774831387738002944,1774831387738002944,1774831387740842354,0.000000,2.839410,2.839410,200
1774831387738173952,1774831387740842354,1774831387743764117,2.668402,2.921763,5.590165,200
1774831387848385024,1774831387848385024,1774831387850866587,0.000000,2.481563,2.481563,200
1774831387866034944,1774831387866034944,1774831387870163176,0.000000,4.128232,4.128232,200
1774831387989056000,1774831387989056000,1774831387991368157,0.000000,2.312157,2.312157,200
1774831388056492032,1774831388056492032,1774831388058783459,0.000000,2.291427,2.291427,200
1774831388107547904,1774831388107547904,1774831388108845794,0.000000,1.297890,1.297890,200
1774831388264445184,1774831388264445184,1774831388268403415,0.000000,3.958231,3.958231,200
1774831388400026112,1774831388400026112,1774831388402364274,0.000000,2.338162,2.338162,200
1774831388478610944,1774831388478610944,1774831388480527730,0.000000,1.916786,1.916786,200
1774831388503528192,1774831388503528192,1774831388507072976,0.000000,3.544784,3.544784,200
1774831388553478912,1774831388553478912,1774831388556949934,0.000000,3.471022,3.471022,200
1774831388578304000,1774831388578304000,1774831388580933776,0.000000,2.629776,2.629776,200
1774831388590118912,1774831388590118912,1774831388591917314,0.000000,1.798402,1.798402,200
1774831388615678976,1774831388615678976,1774831388618517805,0.000000,2.838829,2.838829,200
1774831388646863872,1774831388646863872,1774831388649061146,0.000000,2.197274,2.197274,200
1774831388703260928,1774831388703260928,1774831388705180191,0.000000,1.919263,1.919263,200
1774831388725740800,1774831388725740800,1774831388729051433,0.000000,3.310633,3.310633,200
1774831388795548928,1774831388795548928,1774831388797063463,0.000000,1.514535,1.514535,200
1774831388907388928,1774831388907388928,1774831388910333255,0.000000,2.944327,2.944327,200
1774831388923409920,1774831388923409920,1774831388926277115,0.000000,2.867195,2.867195,200
1774831388933096960,1774831388933096960,1774831388937339891,0.000000,4.242931,4.242931,200
1774831388936216064,1774831388937339891,1774831388940113902,1.123827,2.774011,3.897838,200
1774831389009448960,1774831389009448960,1774831389010991405,0.000000,1.542445,1.542445,200
1774831389052773888,1774831389052773888,1774831389054858002,0.000000,2.084114,2.084114,200
1774831389151932928,1774831389151932928,1774831389154534585,0.000000,2.601657,2.601657,200
1774831389165558016,1774831389165558016,1774831389168352863,0.000000,2.794847,2.794847,200
1774831389175180032,1774831389175180032,1774831389178440060,0.000000,3.260028,3.260028,200
1774831389223041024,1774831389223041024,1774831389224621437,0.000000,1.580413,1.580413,200
1774831389321012992,1774831389321012992,1774831389323373744,0.000000,2.360752,2.360752,200
1774831389357125120,1774831389357125120,1774831389360376366,0.000000,3.251246,3.251246,200
1774831389373532160,1774831389373532160,1774831389377277092,0.000000,3.744932,3.744932,200
1774831389384252160,1774831389384252160,1774831389388301173,0.000000,4.049013,4.049013,200
1774831389477399040,1774831389477399040,1774831389479725017,0.000000,2.325977,2.325977,200
1774831389499314944,1774831389499314944,1774831389502670083,0.000000,3.355139,3.355139,200
1774831389521400064,1774831389521400064,1774831389525302916,0.000000,3.902852,3.902852,200
1774831389551801856,1774831389551801856,1774831389555241029,0.000000,3.439173,3.439173,200
1774831389610147072,1774831389610147072,1774831389613207092,0.000000,3.060020,3.060020,200
1774831389635557888,1774831389635557888,1774831389638697368,0.000000,3.139480,3.139480,200
1774831389647782144,1774831389647782144,1774831389649890121,0.000000,2.107977,2.107977,200
1774831389683953152,1774831389683953152,1774831389685746103,0.000000,1.792951,1.792951,200
1774831389746500096,1774831389746500096,1774831389749761755,0.000000,3.261659,3.261659,200
1774831389867866112,1774831389867866112,1774831389870216935,0.000000,2.350823,2.350823,200
1774831389893899008,1774831389893899008,1774831389896441889,0.000000,2.542881,2.542881,200
1774831389954607872,1774831389954607872,1774831389956828355,0.000000,2.220483,2.220483,200
1774831389970761984,1774831389970761984,1774831389973086422,0.000000,2.324438,2.324438,200
1774831389982603008,1774831389982603008,1774831389985314601,0.000000,2.711593,2.711593,200
1774831389986974976,1774831389986974976,1774831389988965919,0.000000,1.990943,1.990943,200
1774831390002248960,1774831390002248960,1774831390004853074,0.000000,2.604114,2.604114,200
1774831390038649088,1774831390038649088,1774831390041369579,0.000000,2.720491,2.720491,200
1774831390142860032,1774831390142860032,1774831390145372279,0.000000,2.512247,2.512247,200
1774831390170200064,1774831390170200064,1774831390172332187,0.000000,2.132123,2.132123,200
1774831390173537024,1774831390173537024,1774831390176644833,0.000000,3.107809,3.107809,200
1774831390192015872,1774831390192015872,1774831390196076479,0.000000,4.060607,4.060607,200
1774831390321705984,1774831390321705984,1774831390323914186,0.000000,2.208202,2.208202,200
1774831390383692032,1774831390383692032,1774831390387162163,0.000000,3.470131,3.470131,200
1774831390403249152,1774831390403249152,1774831390406436511,0.000000,3.187359,3.187359,200
1774831390435520768,1774831390435520768,1774831390436853064,0.000000,1.332296,1.332296,200
1774831390465980928,1774831390465980928,1774831390468103850,0.000000,2.122922,2.122922,200
1774831390619212032,1774831390619212032,1774831390621401502,0.000000,2.189470,2.189470,200
1774831390637288192,1774831390637288192,1774831390640392293,0.000000,3.104101,3.104101,200
1774831390678888960,1774831390678888960,1774831390681571160,0.000000,2.682200,2.682200,200
1774831390682321920,1774831390682321920,1774831390685199755,0.000000,2.877835,2.877835,200
1774831390710601216,1774831390710601216,1774831390713596080,0.000000,2.994864,2.994864,200
1774831390758724096,1774831390758724096,1774831390760776232,0.000000,2.052136,2.052136,200
1774831390776526848,1774831390776526848,1774831390778657439,0.000000,2.130591,2.130591,200
1774831390820765952,1774831390820765952,1774831390822660742,0.000000,1.894790,1.894790,200
1774831390866772992,1774831390866772992,1774831390869228415,0.000000,2.455423,2.455423,200
1774831390889117952,1774831390889117952,1774831390891604507,0.000000,2.486555,2.486555,200
1774831390913969920,1774831390913969920,1774831390916640730,0.000000,2.670810,2.670810,200
1774831390960248832,1774831390960248832,1774831390962389541,0.000000,2.140709,2.140709,200
1774831390977380096,1774831390977380096,1774831390980581030,0.000000,3.200934,3.200934,200
1774831390981259008,1774831390981259008,1774831390984468297,0.000000,3.209289,3.209289,200
1774831391010967040,1774831391010967040,1774831391014714323,0.000000,3.747283,3.747283,200
1774831391023948800,1774831391023948800,1774831391026999508,0.000000,3.050708,3.050708,200
1774831391062632960,1774831391062632960,1774831391065313195,0.000000,2.680235,2.680235,200
1774831391101568000,1774831391101568000,1774831391104589638,0.000000,3.021638,3.021638,200
1774831391101758976,1774831391104589638,1774831391107565004,2.830662,2.975366,5.806028,200
1774831391163561216,1774831391163561216,1774831391165742091,0.000000,2.180875,2.180875,200
1774831391183360000,1774831391183360000,1774831391186877379,0.000000,3.517379,3.517379,200
1774831391206588928,1774831391206588928,1774831391210498325,0.000000,3.909397,3.909397,200
1774831391289128192,1774831391289128192,1774831391293294452,0.000000,4.166260,4.166260,200
1774831391293339136,1774831391293339136,1774831391295922001,0.000000,2.582865,2.582865,200
1774831391358647040,1774831391358647040,1774831391361420434,0.000000,2.773394,2.773394,200
1774831391382891776,1774831391382891776,1774831391385728776,0.000000,2.837000,2.837000,200
1774831391389716992,1774831391389716992,1774831391392275946,0.000000,2.558954,2.558954,200
1774831391412965120,1774831391412965120,1774831391415947481,0.000000,2.982361,2.982361,200
1774831391428032000,1774831391428032000,1774831391430517283,0.000000,2.485283,2.485283,200
1774831391447729152,1774831391447729152,1774831391450170400,0.000000,2.441248,2.441248,200
1774831391463741184,1774831391463741184,1774831391467689728,0.000000,3.948544,3.948544,200
1774831391465243136,1774831391467689728,1774831391470356274,2.446592,2.666546,5.113138,200
1774831391506974976,1774831391506974976,1774831391509578134,0.000000,2.603158,2.603158,200
1774831391526274816,1774831391526274816,1774831391529456494,0.000000,3.181678,3.181678,200
1774831391539535104,1774831391539535104,1774831391542192223,0.000000,2.657119,2.657119,200
1774831391541793024,1774831391542192223,1774831391544943411,0.399199,2.751188,3.150387,200
1774831391567718144,1774831391567718144,1774831391570238937,0.000000,2.520793,2.520793,200
1774831391615405056,1774831391615405056,1774831391617301000,0.000000,1.895944,1.895944,200
1774831391636665088,1774831391636665088,1774831391639206193,0.000000,2.541105,2.541105,200
1774831391684408064,1774831391684408064,1774831391686343409,0.000000,1.935345,1.935345,200
1774831391712105984,1774831391712105984,1774831391714802530,0.000000,2.696546,2.696546,200
1774831391771303936,1774831391771303936,1774831391773218165,0.000000,1.914229,1.914229,200
1774831391791814144,1774831391791814144,1774831391795023115,0.000000,3.208971,3.208971,200
1774831391818790912,1774831391818790912,1774831391821870244,0.000000,3.079332,3.079332,200
1774831391849936896,1774831391849936896,1774831391852680511,0.000000,2.743615,2.743615,200
1774831391936457984,1774831391936457984,1774831391938956180,0.000000,2.498196,2.498196,200
1774831391976452096,1774831391976452096,1774831391979289056,0.000000,2.836960,2.836960,200
1774831392007369984,1774831392007369984,1774831392008948327,0.000000,1.578343,1.578343,200
1774831392080820992,1774831392080820992,1774831392082775524,0.000000,1.954532,1.954532,200
1774831392117959936,1774831392117959936,1774831392120428415,0.000000,2.468479,2.468479,200
1774831392137274112,1774831392137274112,1774831392140061876,0.000000,2.787764,2.787764,200
1774831392267878144,1774831392267878144,1774831392270389130,0.000000,2.510986,2.510986,200
1774831392298192128,1774831392298192128,1774831392300191546,0.000000,1.999418,1.999418,200
1774831392310693888,1774831392310693888,1774831392313339981,0.000000,2.646093,2.646093,200
1774831392327275008,1774831392327275008,1774831392329564909,0.000000,2.289901,2.289901,200
1774831392367265024,1774831392367265024,1774831392369233186,0.000000,1.968162,1.968162,200
1774831392391735040,1774831392391735040,1774831392394512009,0.000000,2.776969,2.776969,200
1774831392500473088,1774831392500473088,1774831392502904620,0.000000,2.431532,2.431532,200
1774831392517874944,1774831392517874944,1774831392521312774,0.000000,3.437830,3.437830,200
1774831392520884992,1774831392521312774,1774831392524329289,0.427782,3.016515,3.444297,200
1774831392541403136,1774831392541403136,1774831392544471445,0.000000,3.068309,3.068309,200
1774831392549730048,1774831392549730048,1774831392552501664,0.000000,2.771616,2.771616,200
1774831392562752000,1774831392562752000,1774831392564831471,0.000000,2.079471,2.079471,200
1774831392586853888,1774831392586853888,1774831392588887558,0.000000,2.033670,2.033670,200
1774831392619014912,1774831392619014912,1774831392620797339,0.000000,1.782427,1.782427,200
1774831392648227072,1774831392648227072,1774831392653429558,0.000000,5.202486,5.202486,200
1774831392845551104,1774831392845551104,1774831392847514016,0.000000,1.962912,1.962912,200
1774831392883588096,1774831392883588096,1774831392886019716,0.000000,2.431620,2.431620,200
1774831392902297856,1774831392902297856,1774831392904640980,0.000000,2.343124,2.343124,200
1774831392950413056,1774831392950413056,1774831392952802378,0.000000,2.389322,2.389322,200
1774831392953799936,1774831392953799936,1774831392956017506,0.000000,2.217570,2.217570,200
1774831392990024960,1774831392990024960,1774831392991641317,0.000000,1.616357,1.616357,200
1774831393076071936,1774831393076071936,1774831393078074515,0.000000,2.002579,2.002579,200
1774831393108366848,1774831393108366848,1774831393110184953,0.000000,1.818105,1.818105,200
1774831393167540992,1774831393167540992,1774831393170022851,0.000000,2.481859,2.481859,200
1774831393220007936,1774831393220007936,1774831393222171490,0.000000,2.163554,2.163554,200
1774831393250767872,1774831393250767872,1774831393252929838,0.000000,2.161966,2.161966,200
1774831393273286144,1774831393273286144,1774831393275986496,0.000000,2.700352,2.700352,200
1774831393276141824,1774831393276141824,1774831393278360085,0.000000,2.218261,2.218261,200
1774831393292140032,1774831393292140032,1774831393295361183,0.000000,3.221151,3.221151,200
1774831393306226944,1774831393306226944,1774831393308555235,0.000000,2.328291,2.328291,200
1774831393343342080,1774831393343342080,1774831393346048608,0.000000,2.706528,2.706528,200
1774831393348567040,1774831393348567040,1774831393350414648,0.000000,1.847608,1.847608,200
1774831393364638976,1774831393364638976,1774831393367649066,0.000000,3.010090,3.010090,200
1774831393408241152,1774831393408241152,1774831393410558574,0.000000,2.317422,2.317422,200
1774831393423147008,1774831393423147008,1774831393425978703,0.000000,2.831695,2.831695,200
1774831393439567104,1774831393439567104,1774831393442344417,0.000000,2.777313,2.777313,200
1774831393535335936,1774831393535335936,1774831393537789441,0.000000,2.453505,2.453505,200
1774831393539010048,1774831393539010048,1774831393541711437,0.000000,2.701389,2.701389,200
1774831393599042816,1774831393599042816,1774831393601371614,0.000000,2.328798,2.328798,200
1774831393614518016,1774831393614518016,1774831393618084869,0.000000,3.566853,3.566853,200
1774831393618486016,1774831393618486016,1774831393621708908,0.000000,3.222892,3.222892,200
1774831393660772096,1774831393660772096,1774831393663655674,0.000000,2.883578,2.883578,200
1774831393735856896,1774831393735856896,1774831393737771737,0.000000,1.914841,1.914841,200
1774831393759953920,1774831393759953920,1774831393761907256,0.000000,1.953336,1.953336,200
1774831393794868992,1774831393794868992,1774831393797043407,0.000000,2.174415,2.174415,200
1774831393835974912,1774831393835974912,1774831393838385564,0.000000,2.410652,2.410652,200
1774831393853668096,1774831393853668096,1774831393856527297,0.000000,2.859201,2.859201,200
1774831393858646016,1774831393858646016,1774831393860699355,0.000000,2.053339,2.053339,200
1774831393875397888,1774831393875397888,1774831393878819327,0.000000,3.421439,3.421439,200
1774831393922727936,1774831393922727936,1774831393925290762,0.000000,2.562826,2.562826,200
1774831393965672960,1774831393965672960,1774831393967232841,0.000000,1.559881,1.559881,200
1774831394047447808,1774831394047447808,1774831394049725553,0.000000,2.277745,2.277745,200
1774831394098993920,1774831394098993920,1774831394100348734,0.000000,1.354814,1.354814,200
1774831394245377024,1774831394245377024,1774831394247504899,0.000000,2.127875,2.127875,200
1774831394287038208,1774831394287038208,1774831394289274930,0.000000,2.236722,2.236722,200
1774831394306337024,1774831394306337024,1774831394308540247,0.000000,2.203223,2.203223,200
1774831394349836032,1774831394349836032,1774831394352199516,0.000000,2.363484,2.363484,200
1774831394354536960,1774831394354536960,1774831394356860714,0.000000,2.323754,2.323754,200
1774831394381010944,1774831394381010944,1774831394383223233,0.000000,2.212289,2.212289,200
1774831394418729984,1774831394418729984,1774831394422436867,0.000000,3.706883,3.706883,200
1774831394433753856,1774831394433753856,1774831394437207313,0.000000,3.453457,3.453457,200
1774831394467941120,1774831394467941120,1774831394469874104,0.000000,1.932984,1.932984,200
1774831394490971136,1774831394490971136,1774831394494457915,0.000000,3.486779,3.486779,200
1774831394543678976,1774831394543678976,1774831394545396681,0.000000,1.717705,1.717705,200
1774831394598865152,1774831394598865152,1774831394600960333,0.000000,2.095181,2.095181,200
1774831394643634944,1774831394643634944,1774831394647362601,0.000000,3.727657,3.727657,200
1774831394738818048,1774831394738818048,1774831394740293214,0.000000,1.475166,1.475166,200
1774831394881323008,1774831394881323008,1774831394884272867,0.000000,2.949859,2.949859,200
1774831394933965056,1774831394933965056,1774831394935845621,0.000000,1.880565,1.880565,200
1774831394972073984,1774831394972073984,1774831394974545341,0.000000,2.471357,2.471357,200
1774831395021946880,1774831395021946880,1774831395024396305,0.000000,2.449425,2.449425,200
1774831395053019904,1774831395053019904,1774831395056908838,0.000000,3.888934,3.888934,200
1774831395120072960,1774831395120072960,1774831395122170210,0.000000,2.097250,2.097250,200
1774831395208066816,1774831395208066816,1774831395210584228,0.000000,2.517412,2.517412,200
1774831395237998848,1774831395237998848,1774831395240986892,0.000000,2.988044,2.988044,200
1774831395254162176,1774831395254162176,1774831395256568810,0.000000,2.406634,2.406634,200
1774831395279890944,1774831395279890944,1774831395281982282,0.000000,2.091338,2.091338,200
1774831395291084032,1774831395291084032,1774831395293607536,0.000000,2.523504,2.523504,200
1774831395317161984,1774831395317161984,1774831395319782185,0.000000,2.620201,2.620201,200
1774831395332160000,1774831395332160000,1774831395335343273,0.000000,3.183273,3.183273,200
1774831395373438976,1774831395373438976,1774831395375468931,0.000000,2.029955,2.029955,200
1774831395426736128,1774831395426736128,1774831395429028608,0.000000,2.292480,2.292480,200
1774831395445564928,1774831395445564928,1774831395448337415,0.000000,2.772487,2.772487,200
1774831395448382976,1774831395448382976,1774831395450840275,0.000000,2.457299,2.457299,200
1774831395488574976,1774831395488574976,1774831395491021340,0.000000,2.446364,2.446364,200
1774831395503748864,1774831395503748864,1774831395506298724,0.000000,2.549860,2.549860,200
1774831395550734080,1774831395550734080,1774831395552891441,0.000000,2.157361,2.157361,200
1774831395566592000,1774831395566592000,1774831395568694893,0.000000,2.102893,2.102893,200
1774831395590532096,1774831395590532096,1774831395593386172,0.000000,2.854076,2.854076,200
1774831395598148096,1774831395598148096,1774831395600103456,0.000000,1.955360,1.955360,200
1774831395614603008,1774831395614603008,1774831395618014612,0.000000,3.411604,3.411604,200
1774831395659944960,1774831395659944960,1774831395662646260,0.000000,2.701300,2.701300,200
1774831395723297024,1774831395723297024,1774831395725166947,0.000000,1.869923,1.869923,200
1774831395742371072,1774831395742371072,1774831395745116443,0.000000,2.745371,2.745371,200
1774831395774032128,1774831395774032128,1774831395776700357,0.000000,2.668229,2.668229,200
1774831395785694976,1774831395785694976,1774831395788784125,0.000000,3.089149,3.089149,200
1774831395790702080,1774831395790702080,1774831395794108200,0.000000,3.406120,3.406120,200
1774831395806554112,1774831395806554112,1774831395808893760,0.000000,2.339648,2.339648,200
1774831395837708032,1774831395837708032,1774831395839859069,0.000000,2.151037,2.151037,200
1774831395867318016,1774831395867318016,1774831395869523643,0.000000,2.205627,2.205627,200
1774831395898863104,1774831395898863104,1774831395900874136,0.000000,2.011032,2.011032,200
1774831395920995072,1774831395920995072,1774831395923125719,0.000000,2.130647,2.130647,200
1774831395945142016,1774831395945142016,1774831395947888385,0.000000,2.746369,2.746369,200
1774831395987639808,1774831395987639808,1774831395990210009,0.000000,2.570201,2.570201,200
1774831396033713152,1774831396033713152,1774831396035981919,0.000000,2.268767,2.268767,200
1774831396037118976,1774831396037118976,1774831396039253922,0.000000,2.134946,2.134946,200
1774831396065542912,1774831396065542912,1774831396068332480,0.000000,2.789568,2.789568,200
1774831396081646848,1774831396081646848,1774831396083909900,0.000000,2.263052,2.263052,200
1774831396110915072,1774831396110915072,1774831396112897065,0.000000,1.981993,1.981993,200
1774831396131217920,1774831396131217920,1774831396133684611,0.000000,2.466691,2.466691,200
1774831396190676992,1774831396190676992,1774831396193076102,0.000000,2.399110,2.399110,200
1774831396206286848,1774831396206286848,1774831396208254310,0.000000,1.967462,1.967462,200
1774831396208054016,1774831396208254310,1774831396211393310,0.200294,3.139000,3.339294,200
1774831396229885952,1774831396229885952,1774831396233039545,0.000000,3.153593,3.153593,200
1774831396253336064,1774831396253336064,1774831396255922536,0.000000,2.586472,2.586472,200
1774831396271254016,1774831396271254016,1774831396273898542,0.000000,2.644526,2.644526,200
1774831396274536960,1774831396274536960,1774831396277452534,0.000000,2.915574,2.915574,200
1774831396284812800,1774831396284812800,1774831396287353936,0.000000,2.541136,2.541136,200
1774831396288135936,1774831396288135936,1774831396291324887,0.000000,3.188951,3.188951,200
1774831396308062976,1774831396308062976,1774831396311912661,0.000000,3.849685,3.849685,200
1774831396317596928,1774831396317596928,1774831396320208743,0.000000,2.611815,2.611815,200
1774831396354151936,1774831396354151936,1774831396357005677,0.000000,2.853741,2.853741,200
1774831396365981184,1774831396365981184,1774831396369156157,0.000000,3.174973,3.174973,200
1774831396387449088,1774831396387449088,1774831396389805141,0.000000,2.356053,2.356053,200
1774831396427279104,1774831396427279104,1774831396429218542,0.000000,1.939438,1.939438,200
1774831396448654848,1774831396448654848,1774831396451855369,0.000000,3.200521,3.200521,200
1774831396516940032,1774831396516940032,1774831396518680131,0.000000,1.740099,1.740099,200
1774831396595910144,1774831396595910144,1774831396599887821,0.000000,3.977677,3.977677,200
1774831396601569792,1774831396601569792,1774831396604742406,0.000000,3.172614,3.172614,200
1774831396664727040,1774831396664727040,1774831396667408714,0.000000,2.681674,2.681674,200
1774831396686964992,1774831396686964992,1774831396689557970,0.000000,2.592978,2.592978,200
1774831396712058112,1774831396712058112,1774831396715999250,0.000000,3.941138,3.941138,200
1774831396782480896,1774831396782480896,1774831396784509265,0.000000,2.028369,2.028369,200
1774831396857347840,1774831396857347840,1774831396859272109,0.000000,1.924269,1.924269,200
1774831396890865920,1774831396890865920,1774831396893075812,0.000000,2.209892,2.209892,200
1774831396924387072,1774831396924387072,1774831396926787775,0.000000,2.400703,2.400703,200
1774831396967616000,1774831396967616000,1774831396969614503,0.000000,1.998503,1.998503,200
1774831396987587072,1774831396987587072,1774831396990246500,0.000000,2.659428,2.659428,200
1774831397006182912,1774831397006182912,1774831397008830634,0.000000,2.647722,2.647722,200
1774831397015233024,1774831397015233024,1774831397017328595,0.000000,2.095571,2.095571,200
1774831397041285888,1774831397041285888,1774831397045085700,0.000000,3.799812,3.799812,200
1774831397074164992,1774831397074164992,1774831397075982469,0.000000,1.817477,1.817477,200
1774831397111933952,1774831397111933952,1774831397113803791,0.000000,1.869839,1.869839,200
1774831397190792960,1774831397190792960,1774831397193601989,0.000000,2.809029,2.809029,200
1774831397285666816,1774831397285666816,1774831397288099842,0.000000,2.433026,2.433026,200
1774831397316111104,1774831397316111104,1774831397318949060,0.000000,2.837956,2.837956,200
1774831397362947072,1774831397362947072,1774831397365145656,0.000000,2.198584,2.198584,200
1774831397391443968,1774831397391443968,1774831397393429291,0.000000,1.985323,1.985323,200
1774831397419277056,1774831397419277056,1774831397421461301,0.000000,2.184245,2.184245,200
1774831397449908992,1774831397449908992,1774831397452072867,0.000000,2.163875,2.163875,200
1774831397469285120,1774831397469285120,1774831397472199034,0.000000,2.913914,2.913914,200
1774831397507075072,1774831397507075072,1774831397509350216,0.000000,2.275144,2.275144,200
1774831397507271168,1774831397509350216,1774831397512438809,2.079048,3.088593,5.167641,200
1774831397532669952,1774831397532669952,1774831397535629479,0.000000,2.959527,2.959527,200
1774831397543533056,1774831397543533056,1774831397546841426,0.000000,3.308370,3.308370,200
1774831397560388096,1774831397560388096,1774831397563584458,0.000000,3.196362,3.196362,200
1774831397568918016,1774831397568918016,1774831397572024091,0.000000,3.106075,3.106075,200
1774831397598189056,1774831397598189056,1774831397601284061,0.000000,3.095005,3.095005,200
1774831397676222208,1774831397676222208,1774831397678476865,0.000000,2.254657,2.254657,200
1774831397698873088,1774831397698873088,1774831397701273740,0.000000,2.400652,2.400652,200
1774831397749576192,1774831397749576192,1774831397751207832,0.000000,1.631640,1.631640,200
1774831397824817920,1774831397824817920,1774831397827569195,0.000000,2.751275,2.751275,200
1774831397891862016,1774831397891862016,1774831397894031135,0.000000,2.169119,2.169119,200
1774831397896455936,1774831397896455936,1774831397899282607,0.000000,2.826671,2.826671,200
1774831397906763008,1774831397906763008,1774831397909678708,0.000000,2.915700,2.915700,200
1774831397912110080,1774831397912110080,1774831397913945537,0.000000,1.835457,1.835457,200
1774831397954255104,1774831397954255104,1774831397956249983,0.000000,1.994879,1.994879,200
1774831397996398848,1774831397996398848,1774831397998748352,0.000000,2.349504,2.349504,200
1774831398050339840,1774831398050339840,1774831398052593993,0.000000,2.254153,2.254153,200
1774831398054172928,1774831398054172928,1774831398056840987,0.000000,2.668059,2.668059,200
1774831398116652032,1774831398116652032,1774831398118578562,0.000000,1.926530,1.926530,200
1774831398137996032,1774831398137996032,1774831398140586510,0.000000,2.590478,2.590478,200
1774831398190209024,1774831398190209024,1774831398191898574,0.000000,1.689550,1.689550,200
1774831398267116032,1774831398267116032,1774831398268622192,0.000000,1.506160,1.506160,200
1774831398286446080,1774831398286446080,1774831398289500814,0.000000,3.054734,3.054734,200
1774831398393106944,1774831398393106944,1774831398394963666,0.000000,1.856722,1.856722,200
1774831398423748096,1774831398423748096,1774831398425978883,0.000000,2.230787,2.230787,200
1774831398469972992,1774831398469972992,1774831398471779186,0.000000,1.806194,1.806194,200
1774831398492253952,1774831398492253952,1774831398494063927,0.000000,1.809975,1.809975,200
1774831398566916096,1774831398566916096,1774831398569237131,0.000000,2.321035,2.321035,200
1774831398606224128,1774831398606224128,1774831398608538730,0.000000,2.314602,2.314602,200
1774831398641320960,1774831398641320960,1774831398644582410,0.000000,3.261450,3.261450,200
1774831398641464064,1774831398644582410,1774831398647442664,3.118346,2.860254,5.978600,200
1774831398661156864,1774831398661156864,1774831398663557969,0.000000,2.401105,2.401105,200
1774831398661916928,1774831398663557969,1774831398666643713,1.641041,3.085744,4.726785,200
1774831398691963904,1774831398691963904,1774831398695334735,0.000000,3.370831,3.370831,200
1774831398704843008,1774831398704843008,1774831398707676475,0.000000,2.833467,2.833467,200
1774831398705664000,1774831398707676475,1774831398709993251,2.012475,2.316776,4.329251,200
1774831398738311168,1774831398738311168,1774831398741601671,0.000000,3.290503,3.290503,200
1774831398753042944,1774831398753042944,1774831398757000774,0.000000,3.957830,3.957830,200
1774831398756164096,1774831398757000774,1774831398760013579,0.836678,3.012805,3.849483,200
1774831398809294848,1774831398809294848,1774831398813254778,0.000000,3.959930,3.959930,200
1774831398829694976,1774831398829694976,1774831398832911771,0.000000,3.216795,3.216795,200
1774831398893521920,1774831398893521920,1774831398896677724,0.000000,3.155804,3.155804,200
1774831398985542144,1774831398985542144,1774831398987499871,0.000000,1.957727,1.957727,200
1774831399008547072,1774831399008547072,1774831399010493569,0.000000,1.946497,1.946497,200
1774831399036616192,1774831399036616192,1774831399039145740,0.000000,2.529548,2.529548,200
1774831399080101888,1774831399080101888,1774831399081799373,0.000000,1.697485,1.697485,200
1774831399098995968,1774831399098995968,1774831399101208682,0.000000,2.212714,2.212714,200
1774831399172357120,1774831399172357120,1774831399175527316,0.000000,3.170196,3.170196,200
1774831399247152128,1774831399247152128,1774831399249325851,0.000000,2.173723,2.173723,200
1774831399270925056,1774831399270925056,1774831399273844856,0.000000,2.919800,2.919800,200
1774831399337330176,1774831399337330176,1774831399339166014,0.000000,1.835838,1.835838,200
1774831399392221952,1774831399392221952,1774831399394489443,0.000000,2.267491,2.267491,200
1774831399410654976,1774831399410654976,1774831399413949400,0.000000,3.294424,3.294424,200
1774831399438540032,1774831399438540032,1774831399441235490,0.000000,2.695458,2.695458,200
1774831399454437888,1774831399454437888,1774831399457188168,0.000000,2.750280,2.750280,200
1774831399470582016,1774831399470582016,1774831399474478157,0.000000,3.896141,3.896141,200
1774831399470788096,1774831399474478157,1774831399478001967,3.690061,3.523810,7.213871,200
1774831399526055168,1774831399526055168,1774831399528118481,0.000000,2.063313,2.063313,200
1774831399544924928,1774831399544924928,1774831399548467089,0.000000,3.542161,3.542161,200
1774831399593347072,1774831399593347072,1774831399595547674,0.000000,2.200602,2.200602,200
1774831399620776960,1774831399620776960,1774831399623326452,0.000000,2.549492,2.549492,200
1774831399656737024,1774831399656737024,1774831399659307192,0.000000,2.570168,2.570168,200
1774831399671478016,1774831399671478016,1774831399674812922,0.000000,3.334906,3.334906,200
1774831399696576000,1774831399696576000,1774831399698514978,0.000000,1.938978,1.938978,200
1774831399704969984,1774831399704969984,1774831399707831893,0.000000,2.861909,2.861909,200
1774831399723237888,1774831399723237888,1774831399726151098,0.000000,2.913210,2.913210,200
1774831399749598976,1774831399749598976,1774831399752725893,0.000000,3.126917,3.126917,200
1774831399765527040,1774831399765527040,1774831399767958328,0.000000,2.431288,2.431288,200
1774831399769234944,1774831399769234944,1774831399772513161,0.000000,3.278217,3.278217,200
1774831399786663168,1774831399786663168,1774831399788812203,0.000000,2.149035,2.149035,200
1774831399816760064,1774831399816760064,1774831399820156309,0.000000,3.396245,3.396245,200
1774831399847429888,1774831399847429888,1774831399850222448,0.000000,2.792560,2.792560,200
1774831399890331904,1774831399890331904,1774831399892145800,0.000000,1.813896,1.813896,200
1774831399932061952,1774831399932061952,1774831399934893063,0.000000,2.831111,2.831111,200
1774831399970153984,1774831399970153984,1774831399972830126,0.000000,2.676142,2.676142,200
1774831399970288896,1774831399972830126,1774831399975175982,2.541230,2.345856,4.887086,200
1774831400002770944,1774831400002770944,1774831400004906943,0.000000,2.135999,2.135999,200
1774831400021846016,1774831400021846016,1774831400024259525,0.000000,2.413509,2.413509,200
1774831400064315136,1774831400064315136,1774831400066110337,0.000000,1.795201,1.795201,200
1774831400092176896,1774831400092176896,1774831400096059625,0.000000,3.882729,3.882729,200
1774831400186844160,1774831400186844160,1774831400188783610,0.000000,1.939450,1.939450,200
1774831400269323008,1774831400269323008,1774831400271498804,0.000000,2.175796,2.175796,200
1774831400296129024,1774831400296129024,1774831400299523463,0.000000,3.394439,3.394439,200
1774831400334659072,1774831400334659072,1774831400337616382,0.000000,2.957310,2.957310,200
1774831400366048000,1774831400366048000,1774831400369105429,0.000000,3.057429,3.057429,200
1774831400381011968,1774831400381011968,1774831400384731846,0.000000,3.719878,3.719878,200
1774831400490266112,1774831400490266112,1774831400492637238,0.000000,2.371126,2.371126,200
1774831400552442112,1774831400552442112,1774831400554421015,0.000000,1.978903,1.978903,200
1774831400584002048,1774831400584002048,1774831400587154287,0.000000,3.152239,3.152239,200
1774831400614161920,1774831400614161920,1774831400617277129,0.000000,3.115209,3.115209,200
1774831400708730880,1774831400708730880,1774831400711093412,0.000000,2.362532,2.362532,200
1774831400726018048,1774831400726018048,1774831400727893025,0.000000,1.874977,1.874977,200
1774831400754651136,1774831400754651136,1774831400758125275,0.000000,3.474139,3.474139,200
1774831400794352128,1774831400794352128,1774831400797302758,0.000000,2.950630,2.950630,200
1774831400880709888,1774831400880709888,1774831400882535708,0.000000,1.825820,1.825820,200
1774831400904388864,1774831400904388864,1774831400907491576,0.000000,3.102712,3.102712,200
1774831400992145920,1774831400992145920,1774831400993941642,0.000000,1.795722,1.795722,200
1774831401038119168,1774831401038119168,1774831401040392815,0.000000,2.273647,2.273647,200
1774831401074614016,1774831401074614016,1774831401076555841,0.000000,1.941825,1.941825,200
1774831401117086976,1774831401117086976,1774831401119275374,0.000000,2.188398,2.188398,200
1774831401146295040,1774831401146295040,1774831401148380596,0.000000,2.085556,2.085556,200
1774831401179429120,1774831401179429120,1774831401181630770,0.000000,2.201650,2.201650,200
1774831401210961152,1774831401210961152,1774831401214021608,0.000000,3.060456,3.060456,200
1774831401229857024,1774831401229857024,1774831401232610223,0.000000,2.753199,2.753199,200
1774831401249256960,1774831401249256960,1774831401252246264,0.000000,2.989304,2.989304,200
1774831401257829888,1774831401257829888,1774831401261180682,0.000000,3.350794,3.350794,200
1774831401340306944,1774831401340306944,1774831401342642975,0.000000,2.336031,2.336031,200
1774831401367979008,1774831401367979008,1774831401370590438,0.000000,2.611430,2.611430,200
1774831401394093056,1774831401394093056,1774831401397016426,0.000000,2.923370,2.923370,200
1774831401415095040,1774831401415095040,1774831401418993115,0.000000,3.898075,3.898075,200
1774831401417753856,1774831401418993115,1774831401422188185,1.239259,3.195070,4.434329,200
1774831401461975040,1774831401461975040,1774831401465573156,0.000000,3.598116,3.598116,200
1774831401483988992,1774831401483988992,1774831401487279787,0.000000,3.290795,3.290795,200
1774831401524766976,1774831401524766976,1774831401528088953,0.000000,3.321977,3.321977,200
1774831401598119936,1774831401598119936,1774831401599769941,0.000000,1.650005,1.650005,200
1774831401683181056,1774831401683181056,1774831401686361825,0.000000,3.180769,3.180769,200
1774831401701817088,1774831401701817088,1774831401704515476,0.000000,2.698388,2.698388,200
1774831401723892992,1774831401723892992,1774831401726487961,0.000000,2.594969,2.594969,200
1774831401771944960,1774831401771944960,1774831401774193761,0.000000,2.248801,2.248801,200
1774831401790864896,1774831401790864896,1774831401793170882,0.000000,2.305986,2.305986,200
1774831401802161920,1774831401802161920,1774831401804998795,0.000000,2.836875,2.836875,200
1774831401817526016,1774831401817526016,1774831401820674925,0.000000,3.148909,3.148909,200
1774831401860805120,1774831401860805120,1774831401862575898,0.000000,1.770778,1.770778,200
1774831401919356160,1774831401919356160,1774831401922057992,0.000000,2.701832,2.701832,200
1774831402006695936,1774831402006695936,1774831402008926301,0.000000,2.230365,2.230365,200
1774831402010540032,1774831402010540032,1774831402012566117,0.000000,2.026085,2.026085,200
1774831402028930048,1774831402028930048,1774831402031750515,0.000000,2.820467,2.820467,200
1774831402056104960,1774831402056104960,1774831402058466429,0.000000,2.361469,2.361469,200
1774831402084880128,1774831402084880128,1774831402087057128,0.000000,2.177000,2.177000,200
1774831402108098048,1774831402108098048,1774831402110216807,0.000000,2.118759,2.118759,200
1774831402134082048,1774831402134082048,1774831402136826251,0.000000,2.744203,2.744203,200
1774831402136247040,1774831402136826251,1774831402139380488,0.579211,2.554237,3.133448,200
1774831402185678080,1774831402185678080,1774831402187635106,0.000000,1.957026,1.957026,200
1774831402224383232,1774831402224383232,1774831402226464845,0.000000,2.081613,2.081613,200
1774831402243697920,1774831402243697920,1774831402246145956,0.000000,2.448036,2.448036,200
1774831402261650944,1774831402261650944,1774831402264480123,0.000000,2.829179,2.829179,200
1774831402319934976,1774831402319934976,1774831402321912310,0.000000,1.977334,1.977334,200
1774831402358195968,1774831402358195968,1774831402361083534,0.000000,2.887566,2.887566,200
1774831402417819904,1774831402417819904,1774831402419910246,0.000000,2.090342,2.090342,200
1774831402436958976,1774831402436958976,1774831402441971248,0.000000,5.012272,5.012272,200
1774831402554710016,1774831402554710016,1774831402556740996,0.000000,2.030980,2.030980,200
1774831402723290880,1774831402723290880,1774831402725398732,0.000000,2.107852,2.107852,200
1774831402745462016,1774831402745462016,1774831402748147862,0.000000,2.685846,2.685846,200
1774831402774650112,1774831402774650112,1774831402776700498,0.000000,2.050386,2.050386,200
1774831402787503872,1774831402787503872,1774831402790643224,0.000000,3.139352,3.139352,200
1774831402828433920,1774831402828433920,1774831402832423938,0.000000,3.990018,3.990018,200
1774831402949486080,1774831402949486080,1774831402951813546,0.000000,2.327466,2.327466,200
1774831403011589888,1774831403011589888,1774831403014261728,0.000000,2.671840,2.671840,200
1774831403075345152,1774831403075345152,1774831403077599217,0.000000,2.254065,2.254065,200
1774831403095873024,1774831403095873024,1774831403098433564,0.000000,2.560540,2.560540,200
1774831403108002816,1774831403108002816,1774831403111645669,0.000000,3.642853,3.642853,200
1774831403140198912,1774831403140198912,1774831403143390183,0.000000,3.191271,3.191271,200
1774831403218415104,1774831403218415104,1774831403220464560,0.000000,2.049456,2.049456,200
1774831403248850944,1774831403248850944,1774831403252597660,0.000000,3.746716,3.746716,200
1774831403261509888,1774831403261509888,1774831403264918702,0.000000,3.408814,3.408814,200
1774831403328203008,1774831403328203008,1774831403331089338,0.000000,2.886330,2.886330,200
1774831403411322112,1774831403411322112,1774831403413499015,0.000000,2.176903,2.176903,200
1774831403429775872,1774831403429775872,1774831403432378196,0.000000,2.602324,2.602324,200
1774831403475749120,1774831403475749120,1774831403477854202,0.000000,2.105082,2.105082,200
1774831403496557824,1774831403496557824,1774831403499430850,0.000000,2.873026,2.873026,200
1774831403590627072,1774831403590627072,1774831403592995673,0.000000,2.368601,2.368601,200
1774831403623601920,1774831403623601920,1774831403625078755,0.000000,1.476835,1.476835,200
1774831403649074944,1774831403649074944,1774831403652291426,0.000000,3.216482,3.216482,200
1774831403729219840,1774831403729219840,1774831403731903999,0.000000,2.684159,2.684159,200
1774831403751694848,1774831403751694848,1774831403755034227,0.000000,3.339379,3.339379,200
1774831403771394048,1774831403771394048,1774831403773870169,0.000000,2.476121,2.476121,200
1774831403798394880,1774831403798394880,1774831403801077066,0.000000,2.682186,2.682186,200
1774831403804178944,1774831403804178944,1774831403807548755,0.000000,3.369811,3.369811,200
1774831403811763968,1774831403811763968,1774831403814581086,0.000000,2.817118,2.817118,200
1774831403823441920,1774831403823441920,1774831403826190656,0.000000,2.748736,2.748736,200
1774831403830027008,1774831403830027008,1774831403835677363,0.000000,5.650355,5.650355,200
1774831404040268032,1774831404040268032,1774831404042724223,0.000000,2.456191,2.456191,200
1774831404065300992,1774831404065300992,1774831404067970474,0.000000,2.669482,2.669482,200
1774831404073566976,1774831404073566976,1774831404077491333,0.000000,3.924357,3.924357,200
1774831404165198080,1774831404165198080,1774831404167298222,0.000000,2.100142,2.100142,200
1774831404229090816,1774831404229090816,1774831404231072399,0.000000,1.981583,1.981583,200
1774831404288808960,1774831404288808960,1774831404290608627,0.000000,1.799667,1.799667,200
1774831404333574912,1774831404333574912,1774831404336495051,0.000000,2.920139,2.920139,200
1774831404366440960,1774831404366440960,1774831404369427982,0.000000,2.987022,2.987022,200
1774831404381783040,1774831404381783040,1774831404384856503,0.000000,3.073463,3.073463,200
1774831404424412928,1774831404424412928,1774831404426247723,0.000000,1.834795,1.834795,200
1774831404471641088,1774831404471641088,1774831404474921281,0.000000,3.280193,3.280193,200
1774831404492000000,1774831404492000000,1774831404495438492,0.000000,3.438492,3.438492,200
1774831404525949952,1774831404525949952,1774831404528449885,0.000000,2.499933,2.499933,200
1774831404551697920,1774831404551697920,1774831404554279094,0.000000,2.581174,2.581174,200
1774831404568372992,1774831404568372992,1774831404571396991,0.000000,3.023999,3.023999,200
1774831404584347136,1774831404584347136,1774831404587149963,0.000000,2.802827,2.802827,200
1774831404588869120,1774831404588869120,1774831404591868184,0.000000,2.999064,2.999064,200
1774831404637142016,1774831404637142016,1774831404639101721,0.000000,1.959705,1.959705,200
1774831404670448896,1774831404670448896,1774831404672901689,0.000000,2.452793,2.452793,200
1774831404720911872,1774831404720911872,1774831404722811528,0.000000,1.899656,1.899656,200
1774831404750734080,1774831404750734080,1774831404753725258,0.000000,2.991178,2.991178,200
1774831404769020160,1774831404769020160,1774831404771937822,0.000000,2.917662,2.917662,200
1774831404778897920,1774831404778897920,1774831404781396928,0.000000,2.499008,2.499008,200
1774831404792794112,1774831404792794112,1774831404795548809,0.000000,2.754697,2.754697,200
1774831404808433920,1774831404808433920,1774831404810179275,0.000000,1.745355,1.745355,200
1774831404816011008,1774831404816011008,1774831404819173865,0.000000,3.162857,3.162857,200
1774831404870331136,1774831404870331136,1774831404872613398,0.000000,2.282262,2.282262,200
1774831404912601088,1774831404912601088,1774831404915244319,0.000000,2.643231,2.643231,200
1774831404927388928,1774831404927388928,1774831404930758775,0.000000,3.369847,3.369847,200
1774831404993579008,1774831404993579008,1774831404995704385,0.000000,2.125377,2.125377,200
1774831405050749952,1774831405050749952,1774831405054188417,0.000000,3.438465,3.438465,200
1774831405065560064,1774831405065560064,1774831405068200059,0.000000,2.639995,2.639995,200
1774831405085872896,1774831405085872896,1774831405088451290,0.000000,2.578394,2.578394,200
1774831405100342016,1774831405100342016,1774831405103278294,0.000000,2.936278,2.936278,200
1774831405112409088,1774831405112409088,1774831405114292651,0.000000,1.883563,1.883563,200
1774831405128109056,1774831405128109056,1774831405131072982,0.000000,2.963926,2.963926,200
1774831405160976896,1774831405160976896,1774831405163576531,0.000000,2.599635,2.599635,200
1774831405175208960,1774831405175208960,1774831405178513814,0.000000,3.304854,3.304854,200
1774831405191309824,1774831405191309824,1774831405193737271,0.000000,2.427447,2.427447,200
1774831405237972992,1774831405237972992,1774831405240314427,0.000000,2.341435,2.341435,200
1774831405253037056,1774831405253037056,1774831405255841605,0.000000,2.804549,2.804549,200
1774831405378562048,1774831405378562048,1774831405381085447,0.000000,2.523399,2.523399,200
1774831405382565888,1774831405382565888,1774831405384483641,0.000000,1.917753,1.917753,200
1774831405403886080,1774831405403886080,1774831405406327223,0.000000,2.441143,2.441143,200
1774831405441641216,1774831405441641216,1774831405445139803,0.000000,3.498587,3.498587,200
1774831405611474944,1774831405611474944,1774831405613977468,0.000000,2.502524,2.502524,200
1774831405635557888,1774831405635557888,1774831405637624454,0.000000,2.066566,2.066566,200
1774831405654428928,1774831405654428928,1774831405657483115,0.000000,3.054187,3.054187,200
1774831405680540928,1774831405680540928,1774831405682163227,0.000000,1.622299,1.622299,200
1774831405737566976,1774831405737566976,1774831405739086114,0.000000,1.519138,1.519138,200
1774831405878882816,1774831405878882816,1774831405881440759,0.000000,2.557943,2.557943,200
1774831405897809152,1774831405897809152,1774831405900486362,0.000000,2.677210,2.677210,200
1774831405911710976,1774831405911710976,1774831405914414335,0.000000,2.703359,2.703359,200
1774831405971441152,1774831405971441152,1774831405973496390,0.000000,2.055238,2.055238,200
1774831406002227968,1774831406002227968,1774831406004695373,0.000000,2.467405,2.467405,200
1774831406022747904,1774831406022747904,1774831406024562403,0.000000,1.814499,1.814499,200
1774831406062198016,1774831406062198016,1774831406064900818,0.000000,2.702802,2.702802,200
1774831406143049984,1774831406143049984,1774831406144770249,0.000000,1.720265,1.720265,200
1774831406174560000,1774831406174560000,1774831406177028169,0.000000,2.468169,2.468169,200
1774831406193219072,1774831406193219072,1774831406195949983,0.000000,2.730911,2.730911,200
1774831406209551104,1774831406209551104,1774831406211212543,0.000000,1.661439,1.661439,200
1774831406250866944,1774831406250866944,1774831406253118378,0.000000,2.251434,2.251434,200
1774831406291791872,1774831406291791872,1774831406294900849,0.000000,3.108977,3.108977,200
1774831406310020864,1774831406310020864,1774831406313770408,0.000000,3.749544,3.749544,200
1774831406376052992,1774831406376052992,1774831406377821080,0.000000,1.768088,1.768088,200
1774831406407911168,1774831406407911168,1774831406410695269,0.000000,2.784101,2.784101,200
1774831406431751936,1774831406431751936,1774831406433640643,0.000000,1.888707,1.888707,200
1774831406487031040,1774831406487031040,1774831406488869589,0.000000,1.838549,1.838549,200
1774831406547891968,1774831406547891968,1774831406551685256,0.000000,3.793288,3.793288,200
1774831406570390016,1774831406570390016,1774831406573408500,0.000000,3.018484,3.018484,200
1774831406607513856,1774831406607513856,1774831406609614418,0.000000,2.100562,2.100562,200
1774831406657083136,1774831406657083136,1774831406659785582,0.000000,2.702446,2.702446,200
1774831406672358912,1774831406672358912,1774831406675357959,0.000000,2.999047,2.999047,200
1774831406679332864,1774831406679332864,1774831406682010316,0.000000,2.677452,2.677452,200
1774831406682651136,1774831406682651136,1774831406687104155,0.000000,4.453019,4.453019,200
1774831406701022976,1774831406701022976,1774831406703995433,0.000000,2.972457,2.972457,200
1774831406759286016,1774831406759286016,1774831406760511396,0.000000,1.225380,1.225380,200
1774831406810035968,1774831406810035968,1774831406812419940,0.000000,2.383972,2.383972,200
1774831406968969216,1774831406968969216,1774831406971105045,0.000000,2.135829,2.135829,200
1774831407000102912,1774831407000102912,1774831407002537938,0.000000,2.435026,2.435026,200
1774831407029728000,1774831407029728000,1774831407032297063,0.000000,2.569063,2.569063,200
1774831407076183040,1774831407076183040,1774831407078364276,0.000000,2.181236,2.181236,200
1774831407094700032,1774831407094700032,1774831407096660301,0.000000,1.960269,1.960269,200
1774831407121848064,1774831407121848064,1774831407125430140,0.000000,3.582076,3.582076,200
1774831407155708160,1774831407155708160,1774831407158674448,0.000000,2.966288,2.966288,200
1774831407235305984,1774831407235305984,1774831407237476720,0.000000,2.170736,2.170736,200
1774831407276637952,1774831407276637952,1774831407279664971,0.000000,3.027019,3.027019,200
1774831407281467904,1774831407281467904,1774831407284491594,0.000000,3.023690,3.023690,200
1774831407296534016,1774831407296534016,1774831407300032325,0.000000,3.498309,3.498309,200
1774831407363158016,1774831407363158016,1774831407365132626,0.000000,1.974610,1.974610,200
1774831407432756992,1774831407432756992,1774831407435859649,0.000000,3.102657,3.102657,200
1774831407508786944,1774831407508786944,1774831407510991590,0.000000,2.204646,2.204646,200
1774831407532901888,1774831407532901888,1774831407536304818,0.000000,3.402930,3.402930,200
1774831407684775168,1774831407684775168,1774831407687217218,0.000000,2.442050,2.442050,200
1774831407705003008,1774831407705003008,1774831407706466515,0.000000,1.463507,1.463507,200
1774831407726577920,1774831407726577920,1774831407729160866,0.000000,2.582946,2.582946,200
1774831407829871872,1774831407829871872,1774831407831522084,0.000000,1.650212,1.650212,200
1774831407859045888,1774831407859045888,1774831407861473130,0.000000,2.427242,2.427242,200
1774831407923806976,1774831407923806976,1774831407926331106,0.000000,2.524130,2.524130,200
1774831407975627776,1774831407975627776,1774831407977947412,0.000000,2.319636,2.319636,200
1774831408013641984,1774831408013641984,1774831408015417507,0.000000,1.775523,1.775523,200
1774831408045085952,1774831408045085952,1774831408047031405,0.000000,1.945453,1.945453,200
1774831408084850944,1774831408084850944,1774831408086930716,0.000000,2.079772,2.079772,200
1774831408136781824,1774831408136781824,1774831408139190633,0.000000,2.408809,2.408809,200
1774831408168849920,1774831408168849920,1774831408172366532,0.000000,3.516612,3.516612,200
1774831408168987904,1774831408172366532,1774831408175415571,3.378628,3.049039,6.427667,200
1774831408188928000,1774831408188928000,1774831408191207497,0.000000,2.279497,2.279497,200
1774831408220532992,1774831408220532992,1774831408224036965,0.000000,3.503973,3.503973,200
1774831408235110144,1774831408235110144,1774831408236938398,0.000000,1.828254,1.828254,200
1774831408255392000,1774831408255392000,1774831408258423025,0.000000,3.031025,3.031025,200
1774831408298372864,1774831408298372864,1774831408300825287,0.000000,2.452423,2.452423,200
1774831408316103936,1774831408316103936,1774831408318817917,0.000000,2.713981,2.713981,200
1774831408338344192,1774831408338344192,1774831408341340667,0.000000,2.996475,2.996475,200
1774831408399454208,1774831408399454208,1774831408401620227,0.000000,2.166019,2.166019,200
1774831408427380992,1774831408427380992,1774831408430499947,0.000000,3.118955,3.118955,200
1774831408676790016,1774831408676790016,1774831408679344711,0.000000,2.554695,2.554695,200
1774831408689615872,1774831408689615872,1774831408694252988,0.000000,4.637116,4.637116,200
1774831408837143808,1774831408837143808,1774831408839519541,0.000000,2.375733,2.375733,200
1774831408968268032,1774831408968268032,1774831408971767950,0.000000,3.499918,3.499918,200
1774831408984606976,1774831408984606976,1774831408987609824,0.000000,3.002848,3.002848,200
1774831409017931008,1774831409017931008,1774831409019848686,0.000000,1.917678,1.917678,200
1774831409030018048,1774831409030018048,1774831409033597669,0.000000,3.579621,3.579621,200
1774831409081209856,1774831409081209856,1774831409083181989,0.000000,1.972133,1.972133,200
1774831409126717184,1774831409126717184,1774831409128195098,0.000000,1.477914,1.477914,200
1774831409248899072,1774831409248899072,1774831409252058341,0.000000,3.159269,3.159269,200
1774831409263264000,1774831409263264000,1774831409266595552,0.000000,3.331552,3.331552,200
1774831409293582848,1774831409293582848,1774831409296176419,0.000000,2.593571,2.593571,200
1774831409367731968,1774831409367731968,1774831409370133132,0.000000,2.401164,2.401164,200
1774831409371217920,1774831409371217920,1774831409374999651,0.000000,3.781731,3.781731,200
1774831409383992832,1774831409383992832,1774831409387043961,0.000000,3.051129,3.051129,200
1774831409432939008,1774831409432939008,1774831409435117709,0.000000,2.178701,2.178701,200
1774831409448200960,1774831409448200960,1774831409451266899,0.000000,3.065939,3.065939,200
1774831409461893120,1774831409461893120,1774831409463778415,0.000000,1.885295,1.885295,200
1774831409489299968,1774831409489299968,1774831409491531277,0.000000,2.231309,2.231309,200
1774831409534430976,1774831409534430976,1774831409536407621,0.000000,1.976645,1.976645,200
1774831409571250944,1774831409571250944,1774831409572740541,0.000000,1.489597,1.489597,200
1774831409689455104,1774831409689455104,1774831409691371288,0.000000,1.916184,1.916184,200
1774831409708152064,1774831409708152064,1774831409711611841,0.000000,3.459777,3.459777,200
1774831409765650944,1774831409765650944,1774831409767604994,0.000000,1.954050,1.954050,200
1774831409799738880,1774831409799738880,1774831409801975104,0.000000,2.236224,2.236224,200
1774831409830158080,1774831409830158080,1774831409832081979,0.000000,1.923899,1.923899,200
1774831409858316800,1774831409858316800,1774831409861485646,0.000000,3.168846,3.168846,200
1774831409900147968,1774831409900147968,1774831409902709281,0.000000,2.561313,2.561313,200
1774831409918843136,1774831409918843136,1774831409921732579,0.000000,2.889443,2.889443,200
1774831409933420032,1774831409933420032,1774831409935914815,0.000000,2.494783,2.494783,200
1774831409961870080,1774831409961870080,1774831409963789222,0.000000,1.919142,1.919142,200
1774831409989416960,1774831409989416960,1774831409991431533,0.000000,2.014573,2.014573,200
1774831410010344960,1774831410010344960,1774831410013491769,0.000000,3.146809,3.146809,200
1774831410049684992,1774831410049684992,1774831410052209610,0.000000,2.524618,2.524618,200
1774831410061976832,1774831410061976832,1774831410065075305,0.000000,3.098473,3.098473,200
1774831410072759040,1774831410072759040,1774831410073934296,0.000000,1.175256,1.175256,200
1774831410099799040,1774831410099799040,1774831410103164525,0.000000,3.365485,3.365485,200
1774831410313757952,1774831410313757952,1774831410316025261,0.000000,2.267309,2.267309,200
1774831410332484096,1774831410332484096,1774831410336856256,0.000000,4.372160,4.372160,200
1774831410435463936,1774831410435463936,1774831410437721892,0.000000,2.257956,2.257956,200
1774831410454353152,1774831410454353152,1774831410456931596,0.000000,2.578444,2.578444,200
1774831410474829824,1774831410474829824,1774831410477842513,0.000000,3.012689,3.012689,200
1774831410543587072,1774831410543587072,1774831410545650925,0.000000,2.063853,2.063853,200
1774831410562150912,1774831410562150912,1774831410565325327,0.000000,3.174415,3.174415,200
1774831410651233024,1774831410651233024,1774831410653417446,0.000000,2.184422,2.184422,200
1774831410675790080,1774831410675790080,1774831410679307214,0.000000,3.517134,3.517134,200
1774831410715550976,1774831410715550976,1774831410718663829,0.000000,3.112853,3.112853,200
1774831410735524864,1774831410735524864,1774831410738417789,0.000000,2.892925,2.892925,200
1774831410799724032,1774831410799724032,1774831410801866383,0.000000,2.142351,2.142351,200
1774831410838729984,1774831410838729984,1774831410841161161,0.000000,2.431177,2.431177,200
1774831410858395136,1774831410858395136,1774831410861151945,0.000000,2.756809,2.756809,200
1774831410859937024,1774831410861151945,1774831410862703949,1.214921,1.552004,2.766925,200
1774831410900913920,1774831410900913920,1774831410903149198,0.000000,2.235278,2.235278,200
1774831410955683840,1774831410955683840,1774831410958909737,0.000000,3.225897,3.225897,200
1774831411029989120,1774831411029989120,1774831411031862896,0.000000,1.873776,1.873776,200
1774831411080986112,1774831411080986112,1774831411084494489,0.000000,3.508377,3.508377,200
1774831411185112064,1774831411185112064,1774831411187305595,0.000000,2.193531,2.193531,200
1774831411225398016,1774831411225398016,1774831411228170718,0.000000,2.772702,2.772702,200
1774831411287919104,1774831411287919104,1774831411289849319,0.000000,1.930215,1.930215,200
1774831411318273024,1774831411318273024,1774831411321157940,0.000000,2.884916,2.884916,200
1774831411339960064,1774831411339960064,1774831411342829641,0.000000,2.869577,2.869577,200
1774831411355590144,1774831411355590144,1774831411358977465,0.000000,3.387321,3.387321,200
1774831411374164224,1774831411374164224,1774831411377738075,0.000000,3.573851,3.573851,200
1774831411413452032,1774831411413452032,1774831411416938488,0.000000,3.486456,3.486456,200
1774831411418605056,1774831411418605056,1774831411421300784,0.000000,2.695728,2.695728,200
1774831411448829952,1774831411448829952,1774831411450723215,0.000000,1.893263,1.893263,200
1774831411474941952,1774831411474941952,1774831411478489234,0.000000,3.547282,3.547282,200
1774831411517977856,1774831411517977856,1774831411519835117,0.000000,1.857261,1.857261,200
1774831411560802816,1774831411560802816,1774831411563101185,0.000000,2.298369,2.298369,200
1774831411604939008,1774831411604939008,1774831411608009159,0.000000,3.070151,3.070151,200
1774831411609561088,1774831411609561088,1774831411612417152,0.000000,2.856064,2.856064,200
1774831411646043904,1774831411646043904,1774831411649834383,0.000000,3.790479,3.790479,200
1774831411927663104,1774831411927663104,1774831411930221108,0.000000,2.558004,2.558004,200
1774831412004582912,1774831412004582912,1774831412006271804,0.000000,1.688892,1.688892,200
1774831412013075200,1774831412013075200,1774831412015467959,0.000000,2.392759,2.392759,200
1774831412055415040,1774831412055415040,1774831412058087729,0.000000,2.672689,2.672689,200
1774831412124540928,1774831412124540928,1774831412126889702,0.000000,2.348774,2.348774,200
1774831412150626048,1774831412150626048,1774831412154251648,0.000000,3.625600,3.625600,200
1774831412272412160,1774831412272412160,1774831412274821263,0.000000,2.409103,2.409103,200
1774831412317660160,1774831412317660160,1774831412319458152,0.000000,1.797992,1.797992,200
1774831412344225792,1774831412344225792,1774831412347098241,0.000000,2.872449,2.872449,200
1774831412386734080,1774831412386734080,1774831412388664284,0.000000,1.930204,1.930204,200
1774831412419266816,1774831412419266816,1774831412423158325,0.000000,3.891509,3.891509,200
1774831412483045120,1774831412483045120,1774831412485781762,0.000000,2.736642,2.736642,200
1774831412565378048,1774831412565378048,1774831412567190515,0.000000,1.812467,1.812467,200
1774831412600555776,1774831412600555776,1774831412603895902,0.000000,3.340126,3.340126,200
1774831412610068992,1774831412610068992,1774831412614657775,0.000000,4.588783,4.588783,200
1774831412737632000,1774831412737632000,1774831412739195236,0.000000,1.563236,1.563236,200
1774831412758080000,1774831412758080000,1774831412761278215,0.000000,3.198215,3.198215,200
1774831412845999104,1774831412845999104,1774831412848883771,0.000000,2.884667,2.884667,200
1774831412870897920,1774831412870897920,1774831412873571675,0.000000,2.673755,2.673755,200
1774831412873925888,1774831412873925888,1774831412876712327,0.000000,2.786439,2.786439,200
1774831412878137088,1774831412878137088,1774831412881027342,0.000000,2.890254,2.890254,200
1774831412888481024,1774831412888481024,1774831412890639892,0.000000,2.158868,2.158868,200
1774831412897880064,1774831412897880064,1774831412901504357,0.000000,3.624293,3.624293,200
1774831412933444096,1774831412933444096,1774831412935280715,0.000000,1.836619,1.836619,200
1774831412959405056,1774831412959405056,1774831412963552493,0.000000,4.147437,4.147437,200
1774831413071335936,1774831413071335936,1774831413075065884,0.000000,3.729948,3.729948,200
1774831413153259008,1774831413153259008,1774831413155171024,0.000000,1.912016,1.912016,200
1774831413245004800,1774831413245004800,1774831413247561956,0.000000,2.557156,2.557156,200
1774831413261127936,1774831413261127936,1774831413264760153,0.000000,3.632217,3.632217,200
1774831413303760896,1774831413303760896,1774831413306029865,0.000000,2.268969,2.268969,200
1774831413318363904,1774831413318363904,1774831413320824085,0.000000,2.460181,2.460181,200
1774831413325315840,1774831413325315840,1774831413327634864,0.000000,2.319024,2.319024,200
1774831413345971200,1774831413345971200,1774831413349384560,0.000000,3.413360,3.413360,200
1774831413387136000,1774831413387136000,1774831413389340703,0.000000,2.204703,2.204703,200
1774831413400940032,1774831413400940032,1774831413403494403,0.000000,2.554371,2.554371,200
1774831413412809984,1774831413412809984,1774831413415734839,0.000000,2.924855,2.924855,200
1774831413509700096,1774831413509700096,1774831413512133051,0.000000,2.432955,2.432955,200
1774831413524861184,1774831413524861184,1774831413526929801,0.000000,2.068617,2.068617,200
1774831413569544960,1774831413569544960,1774831413571385189,0.000000,1.840229,1.840229,200
1774831413622787840,1774831413622787840,1774831413624549715,0.000000,1.761875,1.761875,200
1774831413653300992,1774831413653300992,1774831413655215991,0.000000,1.914999,1.914999,200
1774831413721246976,1774831413721246976,1774831413722923239,0.000000,1.676263,1.676263,200
1774831413753711104,1774831413753711104,1774831413755852041,0.000000,2.140937,2.140937,200
1774831413829998848,1774831413829998848,1774831413832755863,0.000000,2.757015,2.757015,200
1774831413837989120,1774831413837989120,1774831413840584013,0.000000,2.594893,2.594893,200
1774831413840698112,1774831413840698112,1774831413842787100,0.000000,2.088988,2.088988,200
1774831413868911104,1774831413868911104,1774831413870903931,0.000000,1.992827,1.992827,200
1774831413925465088,1774831413925465088,1774831413927470038,0.000000,2.004950,2.004950,200
1774831413957492224,1774831413957492224,1774831413959311570,0.000000,1.819346,1.819346,200
1774831414002348032,1774831414002348032,1774831414004236772,0.000000,1.888740,1.888740,200
1774831414037792000,1774831414037792000,1774831414040845003,0.000000,3.053003,3.053003,200
1774831414066839040,1774831414066839040,1774831414068650914,0.000000,1.811874,1.811874,200
1774831414095386112,1774831414095386112,1774831414097957611,0.000000,2.571499,2.571499,200
1774831414132209152,1774831414132209152,1774831414134408232,0.000000,2.199080,2.199080,200
1774831414157344000,1774831414157344000,1774831414161999588,0.000000,4.655588,4.655588,200
1774831414285626880,1774831414285626880,1774831414287271913,0.000000,1.645033,1.645033,200
1774831414309400064,1774831414309400064,1774831414312085445,0.000000,2.685381,2.685381,200
1774831414361728000,1774831414361728000,1774831414364086544,0.000000,2.358544,2.358544,200
1774831414407968000,1774831414407968000,1774831414410085734,0.000000,2.117734,2.117734,200
1774831414428851968,1774831414428851968,1774831414431619183,0.000000,2.767215,2.767215,200
1774831414455888128,1774831414455888128,1774831414458548685,0.000000,2.660557,2.660557,200
1774831414460602112,1774831414460602112,1774831414462570125,0.000000,1.968013,1.968013,200
1774831414472261888,1774831414472261888,1774831414475105825,0.000000,2.843937,2.843937,200
1774831414480817920,1774831414480817920,1774831414483635989,0.000000,2.818069,2.818069,200
1774831414506211072,1774831414506211072,1774831414509745889,0.000000,3.534817,3.534817,200
1774831414552210176,1774831414552210176,1774831414554413637,0.000000,2.203461,2.203461,200
1774831414570557952,1774831414570557952,1774831414574235694,0.000000,3.677742,3.677742,200
1774831414596390912,1774831414596390912,1774831414598830336,0.000000,2.439424,2.439424,200
1774831414656284928,1774831414656284928,1774831414657858996,0.000000,1.574068,1.574068,200
1774831414722712064,1774831414722712064,1774831414725624615,0.000000,2.912551,2.912551,200
1774831414868563968,1774831414868563968,1774831414871073597,0.000000,2.509629,2.509629,200
1774831414893874944,1774831414893874944,1774831414895935468,0.000000,2.060524,2.060524,200
1774831414923361024,1774831414923361024,1774831414926583084,0.000000,3.222060,3.222060,200
1774831414955149056,1774831414955149056,1774831414957428871,0.000000,2.279815,2.279815,200
1774831414971965952,1774831414971965952,1774831414975255063,0.000000,3.289111,3.289111,200
1774831414991956992,1774831414991956992,1774831414994465935,0.000000,2.508943,2.508943,200
1774831415002595840,1774831415002595840,1774831415005675996,0.000000,3.080156,3.080156,200
1774831415016901120,1774831415016901120,1774831415019928011,0.000000,3.026891,3.026891,200
1774831415023689984,1774831415023689984,1774831415026566948,0.000000,2.876964,2.876964,200
1774831415026263040,1774831415026566948,1774831415028552905,0.303908,1.985957,2.289865,200
1774831415058438144,1774831415058438144,1774831415061649490,0.000000,3.211346,3.211346,200
1774831415079911936,1774831415079911936,1774831415082486252,0.000000,2.574316,2.574316,200
1774831415087613952,1774831415087613952,1774831415091806256,0.000000,4.192304,4.192304,200
1774831415156740864,1774831415156740864,1774831415159621728,0.000000,2.880864,2.880864,200
1774831415179552000,1774831415179552000,1774831415182632766,0.000000,3.080766,3.080766,200
1774831415187567872,1774831415187567872,1774831415189688861,0.000000,2.120989,2.120989,200
1774831415229978112,1774831415229978112,1774831415232294987,0.000000,2.316875,2.316875,200
1774831415243953920,1774831415243953920,1774831415246576191,0.000000,2.622271,2.622271,200
1774831415307128832,1774831415307128832,1774831415309048235,0.000000,1.919403,1.919403,200
1774831415330137856,1774831415330137856,1774831415332057353,0.000000,1.919497,1.919497,200
1774831415353768960,1774831415353768960,1774831415356261964,0.000000,2.493004,2.493004,200
1774831415377680896,1774831415377680896,1774831415380192824,0.000000,2.511928,2.511928,200
1774831415404748800,1774831415404748800,1774831415407439989,0.000000,2.691189,2.691189,200
1774831415416187904,1774831415416187904,1774831415419559191,0.000000,3.371287,3.371287,200
1774831415501490944,1774831415501490944,1774831415503811133,0.000000,2.320189,2.320189,200
1774831415528670976,1774831415528670976,1774831415531698909,0.000000,3.027933,3.027933,200
1774831415665935872,1774831415665935872,1774831415668406843,0.000000,2.470971,2.470971,200
1774831415690157824,1774831415690157824,1774831415692598934,0.000000,2.441110,2.441110,200
1774831415711160064,1774831415711160064,1774831415713887943,0.000000,2.727879,2.727879,200
1774831415716912128,1774831415716912128,1774831415718451046,0.000000,1.538918,1.538918,200
1774831415743621120,1774831415743621120,1774831415746223860,0.000000,2.602740,2.602740,200
1774831415807363072,1774831415807363072,1774831415809551240,0.000000,2.188168,2.188168,200
1774831415868790016,1774831415868790016,1774831415870826586,0.000000,2.036570,2.036570,200
1774831415887630848,1774831415887630848,1774831415889239801,0.000000,1.608953,1.608953,200
1774831415908111104,1774831415908111104,1774831415910407108,0.000000,2.296004,2.296004,200
1774831415980859136,1774831415980859136,1774831415982471879,0.000000,1.612743,1.612743,200
1774831416002914048,1774831416002914048,1774831416006086419,0.000000,3.172371,3.172371,200
1774831416100806912,1774831416100806912,1774831416103220947,0.000000,2.414035,2.414035,200
1774831416141042944,1774831416141042944,1774831416142735165,0.000000,1.692221,1.692221,200
1774831416198435072,1774831416198435072,1774831416200604320,0.000000,2.169248,2.169248,200
1774831416216950016,1774831416216950016,1774831416220033687,0.000000,3.083671,3.083671,200
1774831416239020032,1774831416239020032,1774831416241231695,0.000000,2.211663,2.211663,200
1774831416289190144,1774831416289190144,1774831416291579395,0.000000,2.389251,2.389251,200
1774831416304109056,1774831416304109056,1774831416306447112,0.000000,2.338056,2.338056,200
1774831416323237888,1774831416323237888,1774831416325718833,0.000000,2.480945,2.480945,200
1774831416329792000,1774831416329792000,1774831416331476863,0.000000,1.684863,1.684863,200
1774831416355156992,1774831416355156992,1774831416357689048,0.000000,2.532056,2.532056,200
1774831416401658112,1774831416401658112,1774831416403889902,0.000000,2.231790,2.231790,200
1774831416425171968,1774831416425171968,1774831416430471120,0.000000,5.299152,5.299152,200
1774831416612605952,1774831416612605952,1774831416615035670,0.000000,2.429718,2.429718,200
1774831416659846144,1774831416659846144,1774831416662134961,0.000000,2.288817,2.288817,200
1774831416674823936,1774831416674823936,1774831416678090119,0.000000,3.266183,3.266183,200
1774831416813971968,1774831416813971968,1774831416816436014,0.000000,2.464046,2.464046,200
1774831416832766976,1774831416832766976,1774831416835492353,0.000000,2.725377,2.725377,200
1774831416875937024,1774831416875937024,1774831416878001730,0.000000,2.064706,2.064706,200
1774831416897067008,1774831416897067008,1774831416900822336,0.000000,3.755328,3.755328,200
1774831417003376896,1774831417003376896,1774831417005570773,0.000000,2.193877,2.193877,200
1774831417060517120,1774831417060517120,1774831417063325617,0.000000,2.808497,2.808497,200
1774831417082882048,1774831417082882048,1774831417086266021,0.000000,3.383973,3.383973,200
1774831417122978048,1774831417122978048,1774831417125353638,0.000000,2.375590,2.375590,200
1774831417146994176,1774831417146994176,1774831417149554640,0.000000,2.560464,2.560464,200
1774831417156516096,1774831417156516096,1774831417159474485,0.000000,2.958389,2.958389,200
1774831417169508096,1774831417169508096,1774831417172537376,0.000000,3.029280,3.029280,200
1774831417174667008,1774831417174667008,1774831417176624778,0.000000,1.957770,1.957770,200
1774831417191034112,1774831417191034112,1774831417193711690,0.000000,2.677578,2.677578,200
1774831417206136064,1774831417206136064,1774831417208164861,0.000000,2.028797,2.028797,200
1774831417239950848,1774831417239950848,1774831417242082058,0.000000,2.131210,2.131210,200
1774831417283233024,1774831417283233024,1774831417285415738,0.000000,2.182714,2.182714,200
1774831417308572928,1774831417308572928,1774831417312027300,0.000000,3.454372,3.454372,200
1774831417349600000,1774831417349600000,1774831417353393759,0.000000,3.793759,3.793759,200
1774831417355281152,1774831417355281152,1774831417360144742,0.000000,4.863590,4.863590,200
1774831417511365888,1774831417511365888,1774831417513891038,0.000000,2.525150,2.525150,200
1774831417565299968,1774831417565299968,1774831417567381371,0.000000,2.081403,2.081403,200
1774831417588738048,1774831417588738048,1774831417590754835,0.000000,2.016787,2.016787,200
1774831417613415936,1774831417613415936,1774831417617219894,0.000000,3.803958,3.803958,200
1774831417679150080,1774831417679150080,1774831417680903247,0.000000,1.753167,1.753167,200
1774831417703450880,1774831417703450880,1774831417705819190,0.000000,2.368310,2.368310,200
1774831417746341888,1774831417746341888,1774831417748569302,0.000000,2.227414,2.227414,200
1774831417767576832,1774831417767576832,1774831417771516648,0.000000,3.939816,3.939816,200
1774831417828130048,1774831417828130048,1774831417830125170,0.000000,1.995122,1.995122,200
1774831417850182912,1774831417850182912,1774831417853541406,0.000000,3.358494,3.358494,200
1774831417891618048,1774831417891618048,1774831417895156247,0.000000,3.538199,3.538199,200
1774831418046806016,1774831418046806016,1774831418049263556,0.000000,2.457540,2.457540,200
1774831418082003200,1774831418082003200,1774831418084874733,0.000000,2.871533,2.871533,200
1774831418146193152,1774831418146193152,1774831418147946174,0.000000,1.753022,1.753022,200
1774831418197093888,1774831418197093888,1774831418199599431,0.000000,2.505543,2.505543,200
1774831418254638080,1774831418254638080,1774831418257066591,0.000000,2.428511,2.428511,200
1774831418260400896,1774831418260400896,1774831418261757580,0.000000,1.356684,1.356684,200
1774831418283610112,1774831418283610112,1774831418286446426,0.000000,2.836314,2.836314,200
1774831418406995968,1774831418406995968,1774831418409790541,0.000000,2.794573,2.794573,200
1774831418467454976,1774831418467454976,1774831418469142493,0.000000,1.687517,1.687517,200
1774831418526904064,1774831418526904064,1774831418528712522,0.000000,1.808458,1.808458,200
1774831418569848064,1774831418569848064,1774831418571977218,0.000000,2.129154,2.129154,200
1774831418613836032,1774831418613836032,1774831418616083766,0.000000,2.247734,2.247734,200
1774831418669321984,1774831418669321984,1774831418671696486,0.000000,2.374502,2.374502,200
1774831418674151936,1774831418674151936,1774831418676174371,0.000000,2.022435,2.022435,200
1774831418707398912,1774831418707398912,1774831418709396732,0.000000,1.997820,1.997820,200
1774831418739564032,1774831418739564032,1774831418742325326,0.000000,2.761294,2.761294,200
1774831418816162048,1774831418816162048,1774831418818439832,0.000000,2.277784,2.277784,200
1774831418830290176,1774831418830290176,1774831418832784275,0.000000,2.494099,2.494099,200
1774831418864615936,1774831418864615936,1774831418867035701,0.000000,2.419765,2.419765,200
1774831418879142912,1774831418879142912,1774831418882008586,0.000000,2.865674,2.865674,200
1774831418979491840,1774831418979491840,1774831418981956953,0.000000,2.465113,2.465113,200
1774831419006163968,1774831419006163968,1774831419009329641,0.000000,3.165673,3.165673,200
1774831419015974912,1774831419015974912,1774831419018601241,0.000000,2.626329,2.626329,200
1774831419021435904,1774831419021435904,1774831419024623082,0.000000,3.187178,3.187178,200
1774831419032308992,1774831419032308992,1774831419035789922,0.000000,3.480930,3.480930,200
1774831419056061952,1774831419056061952,1774831419057849074,0.000000,1.787122,1.787122,200
1774831419084887040,1774831419084887040,1774831419088100191,0.000000,3.213151,3.213151,200
1774831419134094080,1774831419134094080,1774831419138065871,0.000000,3.971791,3.971791,200
1774831419251311104,1774831419251311104,1774831419253326378,0.000000,2.015274,2.015274,200
1774831419324467968,1774831419324467968,1774831419327008511,0.000000,2.540543,2.540543,200
1774831419371687936,1774831419371687936,1774831419374032899,0.000000,2.344963,2.344963,200
1774831419393871104,1774831419393871104,1774831419396725253,0.000000,2.854149,2.854149,200
1774831419407262976,1774831419407262976,1774831419410173302,0.000000,2.910326,2.910326,200
1774831419409400064,1774831419410173302,1774831419412344810,0.773238,2.171508,2.944746,200
1774831419415323904,1774831419415323904,1774831419418861409,0.000000,3.537505,3.537505,200
1774831419449832960,1774831419449832960,1774831419451906550,0.000000,2.073590,2.073590,200
1774831419496670976,1774831419496670976,1774831419499145793,0.000000,2.474817,2.474817,200
1774831419500819968,1774831419500819968,1774831419504114515,0.000000,3.294547,3.294547,200
1774831419512937984,1774831419512937984,1774831419517080190,0.000000,4.142206,4.142206,200
1774831419597431040,1774831419597431040,1774831419599687940,0.000000,2.256900,2.256900,200
1774831419621807104,1774831419621807104,1774831419624911605,0.000000,3.104501,3.104501,200
1774831419650640896,1774831419650640896,1774831419653344017,0.000000,2.703121,2.703121,200
1774831419688987136,1774831419688987136,1774831419690721383,0.000000,1.734247,1.734247,200
1774831419739240960,1774831419739240960,1774831419741264858,0.000000,2.023898,2.023898,200
1774831419780512000,1774831419780512000,1774831419782415263,0.000000,1.903263,1.903263,200
1774831419842736128,1774831419842736128,1774831419844998223,0.000000,2.262095,2.262095,200
1774831419866690048,1774831419866690048,1774831419869000857,0.000000,2.310809,2.310809,200
1774831419886544896,1774831419886544896,1774831419889123137,0.000000,2.578241,2.578241,200
1774831419906699008,1774831419906699008,1774831419910206276,0.000000,3.507268,3.507268,200
1774831419943368960,1774831419943368960,1774831419946210236,0.000000,2.841276,2.841276,200
1774831419952080128,1774831419952080128,1774831419957001071,0.000000,4.920943,4.920943,200
1774831420085105920,1774831420085105920,1774831420087517507,0.000000,2.411587,2.411587,200
1774831420103938048,1774831420103938048,1774831420107047873,0.000000,3.109825,3.109825,200
1774831420131109888,1774831420131109888,1774831420133945528,0.000000,2.835640,2.835640,200
1774831420135872000,1774831420135872000,1774831420139582600,0.000000,3.710600,3.710600,200
1774831420182168064,1774831420182168064,1774831420184500638,0.000000,2.332574,2.332574,200
1774831420208289024,1774831420208289024,1774831420211442031,0.000000,3.153007,3.153007,200
1774831420211272960,1774831420211442031,1774831420215266267,0.169071,3.824236,3.993307,200
1774831420329480960,1774831420329480960,1774831420331625096,0.000000,2.144136,2.144136,200
1774831420391145984,1774831420391145984,1774831420393659768,0.000000,2.513784,2.513784,200
1774831420411973120,1774831420411973120,1774831420414872227,0.000000,2.899107,2.899107,200
1774831420422488064,1774831420422488064,1774831420424788659,0.000000,2.300595,2.300595,200
1774831420443057152,1774831420443057152,1774831420445121285,0.000000,2.064133,2.064133,200
1774831420484664832,1774831420484664832,1774831420488685736,0.000000,4.020904,4.020904,200
1774831420624352000,1774831420624352000,1774831420626771782,0.000000,2.419782,2.419782,200
1774831420680249856,1774831420680249856,1774831420684174275,0.000000,3.924419,3.924419,200
1774831420803681024,1774831420803681024,1774831420805940276,0.000000,2.259252,2.259252,200
1774831420871702016,1774831420871702016,1774831420874135278,0.000000,2.433262,2.433262,200
1774831420892601856,1774831420892601856,1774831420895717725,0.000000,3.115869,3.115869,200
1774831420913875200,1774831420913875200,1774831420916309104,0.000000,2.433904,2.433904,200
1774831420946099968,1774831420946099968,1774831420948152129,0.000000,2.052161,2.052161,200
1774831420967282176,1774831420967282176,1774831420969426788,0.000000,2.144612,2.144612,200
1774831421012480000,1774831421012480000,1774831421015218380,0.000000,2.738380,2.738380,200
1774831421017476096,1774831421017476096,1774831421019649306,0.000000,2.173210,2.173210,200
1774831421048899840,1774831421048899840,1774831421051516531,0.000000,2.616691,2.616691,200
1774831421075134976,1774831421075134976,1774831421076603715,0.000000,1.468739,1.468739,200
1774831421078188800,1774831421078188800,1774831421080420573,0.000000,2.231773,2.231773,200
1774831421173293056,1774831421173293056,1774831421175742415,0.000000,2.449359,2.449359,200
1774831421222656000,1774831421222656000,1774831421224912907,0.000000,2.256907,2.256907,200
1774831421261647872,1774831421261647872,1774831421263652724,0.000000,2.004852,2.004852,200
1774831421280755968,1774831421280755968,1774831421282815907,0.000000,2.059939,2.059939,200
1774831421322660096,1774831421322660096,1774831421325265506,0.000000,2.605410,2.605410,200
1774831421325937152,1774831421325937152,1774831421329629971,0.000000,3.692819,3.692819,200
1774831421383353088,1774831421383353088,1774831421385167724,0.000000,1.814636,1.814636,200
1774831421403915776,1774831421403915776,1774831421406307945,0.000000,2.392169,2.392169,200
1774831421445779200,1774831421445779200,1774831421449036206,0.000000,3.257006,3.257006,200
1774831421460384000,1774831421460384000,1774831421463164360,0.000000,2.780360,2.780360,200
1774831421480002048,1774831421480002048,1774831421482504170,0.000000,2.502122,2.502122,200
1774831421505832960,1774831421505832960,1774831421508124547,0.000000,2.291587,2.291587,200
1774831421527361024,1774831421527361024,1774831421529929958,0.000000,2.568934,2.568934,200
1774831421566014976,1774831421566014976,1774831421568512600,0.000000,2.497624,2.497624,200
1774831421574484224,1774831421574484224,1774831421575978802,0.000000,1.494578,1.494578,200
1774831421619710976,1774831421619710976,1774831421621857769,0.000000,2.146793,2.146793,200
1774831421723319040,1774831421723319040,1774831421724903383,0.000000,1.584343,1.584343,200
1774831421745477888,1774831421745477888,1774831421748996715,0.000000,3.518827,3.518827,200
1774831421835607040,1774831421835607040,1774831421838742543,0.000000,3.135503,3.135503,200
1774831421919346176,1774831421919346176,1774831421921455010,0.000000,2.108834,2.108834,200
1774831421956584960,1774831421956584960,1774831421959706772,0.000000,3.121812,3.121812,200
1774831421987326976,1774831421987326976,1774831421992006358,0.000000,4.679382,4.679382,200
1774831422087666944,1774831422087666944,1774831422089863306,0.000000,2.196362,2.196362,200
1774831422126283008,1774831422126283008,1774831422129808963,0.000000,3.525955,3.525955,200
1774831422145507072,1774831422145507072,1774831422148306700,0.000000,2.799628,2.799628,200
1774831422250073856,1774831422250073856,1774831422252489442,0.000000,2.415586,2.415586,200
1774831422267781120,1774831422267781120,1774831422269731282,0.000000,1.950162,1.950162,200
1774831422291648000,1774831422291648000,1774831422293880981,0.000000,2.232981,2.232981,200
1774831422318496000,1774831422318496000,1774831422320819290,0.000000,2.323290,2.323290,200
1774831422361638144,1774831422361638144,1774831422363085882,0.000000,1.447738,1.447738,200
1774831422471319040,1774831422471319040,1774831422474236879,0.000000,2.917839,2.917839,200
1774831422569300992,1774831422569300992,1774831422571666527,0.000000,2.365535,2.365535,200
1774831422610915072,1774831422610915072,1774831422613782189,0.000000,2.867117,2.867117,200
1774831422663798016,1774831422663798016,1774831422666107438,0.000000,2.309422,2.309422,200
1774831422683325952,1774831422683325952,1774831422688683480,0.000000,5.357528,5.357528,200
1774831422772527872,1774831422772527872,1774831422774230453,0.000000,1.702581,1.702581,200
1774831423027923200,1774831423027923200,1774831423029958156,0.000000,2.034956,2.034956,200
1774831423047666944,1774831423047666944,1774831423050713071,0.000000,3.046127,3.046127,200
1774831423074137088,1774831423074137088,1774831423078713708,0.000000,4.576620,4.576620,200
1774831423167403008,1774831423167403008,1774831423169408437,0.000000,2.005429,2.005429,200
1774831423305954816,1774831423305954816,1774831423309972239,0.000000,4.017423,4.017423,200
1774831423402957056,1774831423402957056,1774831423405000060,0.000000,2.043004,2.043004,200
1774831423487049984,1774831423487049984,1774831423490570813,0.000000,3.520829,3.520829,200
1774831423508528896,1774831423508528896,1774831423511137434,0.000000,2.608538,2.608538,200
1774831423529102080,1774831423529102080,1774831423533536191,0.000000,4.434111,4.434111,200
1774831423544771072,1774831423544771072,1774831423548742045,0.000000,3.970973,3.970973,200
1774831423688093952,1774831423688093952,1774831423690277026,0.000000,2.183074,2.183074,200
1774831423726753024,1774831423726753024,1774831423732028640,0.000000,5.275616,5.275616,200
1774831423896780032,1774831423896780032,1774831423898721451,0.000000,1.941419,1.941419,200
1774831423916538880,1774831423916538880,1774831423918909144,0.000000,2.370264,2.370264,200
1774831423940960768,1774831423940960768,1774831423944957164,0.000000,3.996396,3.996396,200
1774831424054737152,1774831424054737152,1774831424056873925,0.000000,2.136773,2.136773,200
1774831424130799104,1774831424130799104,1774831424132985605,0.000000,2.186501,2.186501,200
1774831424154964992,1774831424154964992,1774831424157609251,0.000000,2.644259,2.644259,200
1774831424189707008,1774831424189707008,1774831424192569358,0.000000,2.862350,2.862350,200
1774831424189886208,1774831424192569358,1774831424195386049,2.683150,2.816691,5.499841,200
1774831424194664960,1774831424195386049,1774831424197517087,0.721089,2.131038,2.852127,200
1774831424220328960,1774831424220328960,1774831424223016718,0.000000,2.687758,2.687758,200
1774831424226275840,1774831424226275840,1774831424229271550,0.000000,2.995710,2.995710,200
1774831424251180032,1774831424251180032,1774831424254888279,0.000000,3.708247,3.708247,200
1774831424290360064,1774831424290360064,1774831424293136116,0.000000,2.776052,2.776052,200
1774831424345964800,1774831424345964800,1774831424347845603,0.000000,1.880803,1.880803,200
1774831424370913024,1774831424370913024,1774831424373491562,0.000000,2.578538,2.578538,200
1774831424427505920,1774831424427505920,1774831424429703626,0.000000,2.197706,2.197706,200
1774831424450920960,1774831424450920960,1774831424454464109,0.000000,3.543149,3.543149,200
1774831424511990016,1774831424511990016,1774831424513685010,0.000000,1.694994,1.694994,200
1774831424604502016,1774831424604502016,1774831424607440961,0.000000,2.938945,2.938945,200
1774831424674729984,1774831424674729984,1774831424676699698,0.000000,1.969714,1.969714,200
1774831424702567936,1774831424702567936,1774831424706070339,0.000000,3.502403,3.502403,200
1774831424716777984,1774831424716777984,1774831424719873987,0.000000,3.096003,3.096003,200
1774831424763271936,1774831424763271936,1774831424765974584,0.000000,2.702648,2.702648,200
1774831424775361024,1774831424775361024,1774831424778260583,0.000000,2.899559,2.899559,200
1774831424779798016,1774831424779798016,1774831424782154743,0.000000,2.356727,2.356727,200
1774831424790091008,1774831424790091008,1774831424793115142,0.000000,3.024134,3.024134,200
1774831424813857024,1774831424813857024,1774831424816386483,0.000000,2.529459,2.529459,200
1774831424815663104,1774831424816386483,1774831424819452173,0.723379,3.065690,3.789069,200
1774831424828403968,1774831424828403968,1774831424831001726,0.000000,2.597758,2.597758,200
1774831424871429888,1774831424871429888,1774831424872819843,0.000000,1.389955,1.389955,200
1774831424994960128,1774831424994960128,1774831424997216471,0.000000,2.256343,2.256343,200
1774831425025499136,1774831425025499136,1774831425029219732,0.000000,3.720596,3.720596,200
1774831425079009024,1774831425079009024,1774831425082670588,0.000000,3.661564,3.661564,200
1774831425096658944,1774831425096658944,1774831425099286276,0.000000,2.627332,2.627332,200
1774831425115636224,1774831425115636224,1774831425118118539,0.000000,2.482315,2.482315,200
1774831425149660160,1774831425149660160,1774831425152017834,0.000000,2.357674,2.357674,200
1774831425166695168,1774831425166695168,1774831425169685819,0.000000,2.990651,2.990651,200
1774831425179912192,1774831425179912192,1774831425182865141,0.000000,2.952949,2.952949,200
1774831425197024000,1774831425197024000,1774831425199036020,0.000000,2.012020,2.012020,200
1774831425213646848,1774831425213646848,1774831425216660481,0.000000,3.013633,3.013633,200
1774831425238545920,1774831425238545920,1774831425242014713,0.000000,3.468793,3.468793,200
1774831425312580096,1774831425312580096,1774831425314604155,0.000000,2.024059,2.024059,200
1774831425360822016,1774831425360822016,1774831425363267440,0.000000,2.445424,2.445424,200
1774831425382680064,1774831425382680064,1774831425385550233,0.000000,2.870169,2.870169,200
1774831425397080832,1774831425397080832,1774831425400140149,0.000000,3.059317,3.059317,200
1774831425479696896,1774831425479696896,1774831425482005574,0.000000,2.308678,2.308678,200
1774831425500823040,1774831425500823040,1774831425503071053,0.000000,2.248013,2.248013,200
1774831425531860992,1774831425531860992,1774831425534145158,0.000000,2.284166,2.284166,200
1774831425553155840,1774831425553155840,1774831425555971179,0.000000,2.815339,2.815339,200
1774831425556206848,1774831425556206848,1774831425559052776,0.000000,2.845928,2.845928,200
1774831425589272064,1774831425589272064,1774831425591820409,0.000000,2.548345,2.548345,200
1774831425621741056,1774831425621741056,1774831425623571039,0.000000,1.829983,1.829983,200
1774831425646679040,1774831425646679040,1774831425648636863,0.000000,1.957823,1.957823,200
1774831425667905024,1774831425667905024,1774831425670900290,0.000000,2.995266,2.995266,200
1774831425700834048,1774831425700834048,1774831425702729679,0.000000,1.895631,1.895631,200
1774831425725757952,1774831425725757952,1774831425728465280,0.000000,2.707328,2.707328,200
1774831425756232960,1774831425756232960,1774831425758575849,0.000000,2.342889,2.342889,200
1774831425800107008,1774831425800107008,1774831425802314674,0.000000,2.207666,2.207666,200
1774831425817511936,1774831425817511936,1774831425820089383,0.000000,2.577447,2.577447,200
1774831425835088128,1774831425835088128,1774831425838957145,0.000000,3.869017,3.869017,200
1774831425877518848,1774831425877518848,1774831425880268136,0.000000,2.749288,2.749288,200
1774831425980540928,1774831425980540928,1774831425982921694,0.000000,2.380766,2.380766,200
1774831425984119808,1774831425984119808,1774831425985901264,0.000000,1.781456,1.781456,200
1774831426014908928,1774831426014908928,1774831426017813703,0.000000,2.904775,2.904775,200
1774831426045306880,1774831426045306880,1774831426048694476,0.000000,3.387596,3.387596,200
1774831426063630080,1774831426063630080,1774831426066603706,0.000000,2.973626,2.973626,200
1774831426105291008,1774831426105291008,1774831426108703091,0.000000,3.412083,3.412083,200
1774831426105459968,1774831426108703091,1774831426111582486,3.243123,2.879395,6.122518,200
1774831426125684992,1774831426125684992,1774831426127542646,0.000000,1.857654,1.857654,200
1774831426143395840,1774831426143395840,1774831426145928214,0.000000,2.532374,2.532374,200
1774831426169380864,1774831426169380864,1774831426172294686,0.000000,2.913822,2.913822,200
1774831426189649152,1774831426189649152,1774831426192707158,0.000000,3.058006,3.058006,200
1774831426226299904,1774831426226299904,1774831426228567710,0.000000,2.267806,2.267806,200
1774831426245979136,1774831426245979136,1774831426248500053,0.000000,2.520917,2.520917,200
1774831426257002240,1774831426257002240,1774831426259804188,0.000000,2.801948,2.801948,200
1774831426262418944,1774831426262418944,1774831426265920688,0.000000,3.501744,3.501744,200
1774831426288718848,1774831426288718848,1774831426291998540,0.000000,3.279692,3.279692,200
1774831426299667968,1774831426299667968,1774831426302670245,0.000000,3.002277,3.002277,200
1774831426331753984,1774831426331753984,1774831426334576952,0.000000,2.822968,2.822968,200
1774831426397017856,1774831426397017856,1774831426399007122,0.000000,1.989266,1.989266,200
1774831426398417920,1774831426399007122,1774831426400959662,0.589202,1.952540,2.541742,200
1774831426424475904,1774831426424475904,1774831426426979198,0.000000,2.503294,2.503294,200
1774831426460519936,1774831426460519936,1774831426463829111,0.000000,3.309175,3.309175,200
1774831426470864896,1774831426470864896,1774831426473687260,0.000000,2.822364,2.822364,200
1774831426483813888,1774831426483813888,1774831426486753820,0.000000,2.939932,2.939932,200
1774831426548739072,1774831426548739072,1774831426550508207,0.000000,1.769135,1.769135,200
1774831426591209984,1774831426591209984,1774831426592996587,0.000000,1.786603,1.786603,200
1774831426626233088,1774831426626233088,1774831426629606683,0.000000,3.373595,3.373595,200
1774831426680926976,1774831426680926976,1774831426683465788,0.000000,2.538812,2.538812,200
1774831426736912896,1774831426736912896,1774831426738765793,0.000000,1.852897,1.852897,200
1774831426769121792,1774831426769121792,1774831426772303586,0.000000,3.181794,3.181794,200
1774831426787444224,1774831426787444224,1774831426790172753,0.000000,2.728529,2.728529,200
1774831426803191808,1774831426803191808,1774831426808487940,0.000000,5.296132,5.296132,200
1774831426815875072,1774831426815875072,1774831426819358505,0.000000,3.483433,3.483433,200
1774831426995217152,1774831426995217152,1774831426998005904,0.000000,2.788752,2.788752,200
1774831427104294912,1774831427104294912,1774831427106761947,0.000000,2.467035,2.467035,200
1774831427142284032,1774831427142284032,1774831427144995322,0.000000,2.711290,2.711290,200
1774831427216773120,1774831427216773120,1774831427219269768,0.000000,2.496648,2.496648,200
1774831427250925056,1774831427250925056,1774831427252721743,0.000000,1.796687,1.796687,200
1774831427254262016,1774831427254262016,1774831427257479543,0.000000,3.217527,3.217527,200
1774831427313060096,1774831427313060096,1774831427315799950,0.000000,2.739854,2.739854,200
1774831427355823872,1774831427355823872,1774831427357123298,0.000000,1.299426,1.299426,200
1774831427509080832,1774831427509080832,1774831427511270473,0.000000,2.189641,2.189641,200
1774831427550610176,1774831427550610176,1774831427552698080,0.000000,2.087904,2.087904,200
1774831427572921088,1774831427572921088,1774831427576181175,0.000000,3.260087,3.260087,200
1774831427772347904,1774831427772347904,1774831427774880836,0.000000,2.532932,2.532932,200
1774831427810137088,1774831427810137088,1774831427813830223,0.000000,3.693135,3.693135,200
1774831427888406016,1774831427888406016,1774831427890136392,0.000000,1.730376,1.730376,200
1774831427968216832,1774831427968216832,1774831427970181513,0.000000,1.964681,1.964681,200
1774831427997736960,1774831427997736960,1774831428001066987,0.000000,3.330027,3.330027,200
1774831428031629056,1774831428031629056,1774831428033808103,0.000000,2.179047,2.179047,200
1774831428075616000,1774831428075616000,1774831428077588997,0.000000,1.972997,1.972997,200
1774831428105542912,1774831428105542912,1774831428107792036,0.000000,2.249124,2.249124,200
1774831428170532864,1774831428170532864,1774831428172656502,0.000000,2.123638,2.123638,200
1774831428188468992,1774831428188468992,1774831428191393208,0.000000,2.924216,2.924216,200
1774831428206871040,1774831428206871040,1774831428210243210,0.000000,3.372170,3.372170,200
1774831428214834944,1774831428214834944,1774831428216567281,0.000000,1.732337,1.732337,200
1774831428263848192,1774831428263848192,1774831428266231826,0.000000,2.383634,2.383634,200
1774831428286406144,1774831428286406144,1774831428288975699,0.000000,2.569555,2.569555,200
1774831428304472064,1774831428304472064,1774831428307084973,0.000000,2.612909,2.612909,200
1774831428307501056,1774831428307501056,1774831428310644759,0.000000,3.143703,3.143703,200
1774831428326096896,1774831428326096896,1774831428328734144,0.000000,2.637248,2.637248,200
1774831428331702016,1774831428331702016,1774831428333921907,0.000000,2.219891,2.219891,200
1774831428362274048,1774831428362274048,1774831428364221339,0.000000,1.947291,1.947291,200
1774831428404706048,1774831428404706048,1774831428406339866,0.000000,1.633818,1.633818,200
1774831428431421952,1774831428431421952,1774831428433758898,0.000000,2.336946,2.336946,200
1774831428486747904,1774831428486747904,1774831428489317564,0.000000,2.569660,2.569660,200
1774831428524896000,1774831428524896000,1774831428528108937,0.000000,3.212937,3.212937,200
1774831428538131968,1774831428538131968,1774831428540465086,0.000000,2.333118,2.333118,200
1774831428556310784,1774831428556310784,1774831428560848396,0.000000,4.537612,4.537612,200
1774831428658406144,1774831428658406144,1774831428660918933,0.000000,2.512789,2.512789,200
1774831428700339968,1774831428700339968,1774831428702613216,0.000000,2.273248,2.273248,200
1774831428724422912,1774831428724422912,1774831428727235038,0.000000,2.812126,2.812126,200
1774831428761615104,1774831428761615104,1774831428763631356,0.000000,2.016252,2.016252,200
1774831428783677184,1774831428783677184,1774831428786372905,0.000000,2.695721,2.695721,200
1774831428850270976,1774831428850270976,1774831428851811271,0.000000,1.540295,1.540295,200
1774831428928990976,1774831428928990976,1774831428932015346,0.000000,3.024370,3.024370,200
1774831428946903040,1774831428946903040,1774831428949505986,0.000000,2.602946,2.602946,200
1774831428955944960,1774831428955944960,1774831428958641785,0.000000,2.696825,2.696825,200
1774831428959142912,1774831428959142912,1774831428961802961,0.000000,2.660049,2.660049,200
1774831428965174016,1774831428965174016,1774831428967045222,0.000000,1.871206,1.871206,200
1774831428991353088,1774831428991353088,1774831428993405373,0.000000,2.052285,2.052285,200
1774831429033713152,1774831429033713152,1774831429037478848,0.000000,3.765696,3.765696,200
1774831429039652096,1774831429039652096,1774831429042544281,0.000000,2.892185,2.892185,200
1774831429084422144,1774831429084422144,1774831429086632511,0.000000,2.210367,2.210367,200
1774831429112428032,1774831429112428032,1774831429115268332,0.000000,2.840300,2.840300,200
1774831429130140928,1774831429130140928,1774831429132971893,0.000000,2.830965,2.830965,200
1774831429142488064,1774831429142488064,1774831429146631338,0.000000,4.143274,4.143274,200
1774831429204710912,1774831429204710912,1774831429208076598,0.000000,3.365686,3.365686,200
1774831429233622016,1774831429233622016,1774831429236455392,0.000000,2.833376,2.833376,200
1774831429254009088,1774831429254009088,1774831429256301537,0.000000,2.292449,2.292449,200
1774831429258776064,1774831429258776064,1774831429262748704,0.000000,3.972640,3.972640,200
1774831429316251136,1774831429316251136,1774831429318748462,0.000000,2.497326,2.497326,200
1774831429384252928,1774831429384252928,1774831429386319468,0.000000,2.066540,2.066540,200
1774831429408891904,1774831429408891904,1774831429410787928,0.000000,1.896024,1.896024,200
1774831429426605056,1774831429426605056,1774831429428675729,0.000000,2.070673,2.070673,200
1774831429466979072,1774831429466979072,1774831429469320065,0.000000,2.340993,2.340993,200
1774831429486248960,1774831429486248960,1774831429489340574,0.000000,3.091614,3.091614,200
1774831429507246080,1774831429507246080,1774831429510452268,0.000000,3.206188,3.206188,200
1774831429514006016,1774831429514006016,1774831429517405617,0.000000,3.399601,3.399601,200
1774831429544680960,1774831429544680960,1774831429547339809,0.000000,2.658849,2.658849,200
1774831429567106048,1774831429567106048,1774831429570248386,0.000000,3.142338,3.142338,200
1774831429584013824,1774831429584013824,1774831429588480060,0.000000,4.466236,4.466236,200
1774831429600627968,1774831429600627968,1774831429603831871,0.000000,3.203903,3.203903,200
1774831429690048000,1774831429690048000,1774831429693847653,0.000000,3.799653,3.799653,200
1774831429775175168,1774831429775175168,1774831429776940351,0.000000,1.765183,1.765183,200
1774831429871670016,1774831429871670016,1774831429873803100,0.000000,2.133084,2.133084,200
1774831429925543936,1774831429925543936,1774831429927672133,0.000000,2.128197,2.128197,200
1774831429944574976,1774831429944574976,1774831429945899493,0.000000,1.324517,1.324517,200
1774831429975963136,1774831429975963136,1774831429978570572,0.000000,2.607436,2.607436,200
1774831430117423104,1774831430117423104,1774831430121030889,0.000000,3.607785,3.607785,200
1774831430219202048,1774831430219202048,1774831430221446389,0.000000,2.244341,2.244341,200
1774831430282529024,1774831430282529024,1774831430285215821,0.000000,2.686797,2.686797,200
1774831430344116992,1774831430344116992,1774831430346191923,0.000000,2.074931,2.074931,200
1774831430376259072,1774831430376259072,1774831430378527632,0.000000,2.268560,2.268560,200
1774831430379649024,1774831430379649024,1774831430382395939,0.000000,2.746915,2.746915,200
1774831430406546944,1774831430406546944,1774831430408454427,0.000000,1.907483,1.907483,200
1774831430406732032,1774831430408454427,1774831430411873305,1.722395,3.418878,5.141273,200
1774831430443334144,1774831430443334144,1774831430444930560,0.000000,1.596416,1.596416,200
1774831430475591936,1774831430475591936,1774831430478363940,0.000000,2.772004,2.772004,200
1774831430544153856,1774831430544153856,1774831430546422553,0.000000,2.268697,2.268697,200
1774831430563885824,1774831430563885824,1774831430567580540,0.000000,3.694716,3.694716,200
1774831430626952960,1774831430626952960,1774831430630041868,0.000000,3.088908,3.088908,200
1774831430673011968,1774831430673011968,1774831430674544673,0.000000,1.532705,1.532705,200
1774831430771980032,1774831430771980032,1774831430773390256,0.000000,1.410224,1.410224,200
1774831430804644096,1774831430804644096,1774831430806645116,0.000000,2.001020,2.001020,200
1774831430956780800,1774831430956780800,1774831430959043503,0.000000,2.262703,2.262703,200
1774831430977058048,1774831430977058048,1774831430979502168,0.000000,2.444120,2.444120,200
1774831431008004864,1774831431008004864,1774831431010584563,0.000000,2.579699,2.579699,200
1774831431017856000,1774831431017856000,1774831431020878510,0.000000,3.022510,3.022510,200
1774831431033172992,1774831431033172992,1774831431035002179,0.000000,1.829187,1.829187,200
1774831431057936896,1774831431057936896,1774831431059580463,0.000000,1.643567,1.643567,200
1774831431146092032,1774831431146092032,1774831431148816818,0.000000,2.724786,2.724786,200
1774831431220705024,1774831431220705024,1774831431223047807,0.000000,2.342783,2.342783,200
1774831431252883968,1774831431252883968,1774831431255380172,0.000000,2.496204,2.496204,200
1774831431284847872,1774831431284847872,1774831431287034116,0.000000,2.186244,2.186244,200
1774831431315284992,1774831431315284992,1774831431317738639,0.000000,2.453647,2.453647,200
1774831431315421184,1774831431317738639,1774831431321430956,2.317455,3.692317,6.009772,200
1774831431340312064,1774831431340312064,1774831431342028965,0.000000,1.716901,1.716901,200
1774831431378320896,1774831431378320896,1774831431380214454,0.000000,1.893558,1.893558,200
1774831431462372096,1774831431462372096,1774831431465370888,0.000000,2.998792,2.998792,200
1774831431482542080,1774831431482542080,1774831431486308687,0.000000,3.766607,3.766607,200
1774831431527939072,1774831431527939072,1774831431530373197,0.000000,2.434125,2.434125,200
1774831431594877952,1774831431594877952,1774831431596754251,0.000000,1.876299,1.876299,200
1774831431619677952,1774831431619677952,1774831431621242319,0.000000,1.564367,1.564367,200
1774831431663322880,1774831431663322880,1774831431666053093,0.000000,2.730213,2.730213,200
1774831431721908992,1774831431721908992,1774831431723791475,0.000000,1.882483,1.882483,200
1774831431754981120,1774831431754981120,1774831431759356211,0.000000,4.375091,4.375091,200
1774831431860759040,1774831431860759040,1774831431865316695,0.000000,4.557655,4.557655,200
1774831431887891968,1774831431887891968,1774831431890599259,0.000000,2.707291,2.707291,200
1774831431971864832,1774831431971864832,1774831431974750518,0.000000,2.885686,2.885686,200
1774831432103081984,1774831432103081984,1774831432105569268,0.000000,2.487284,2.487284,200
1774831432137085952,1774831432137085952,1774831432140477798,0.000000,3.391846,3.391846,200
1774831432436568064,1774831432436568064,1774831432439126687,0.000000,2.558623,2.558623,200
1774831432456770048,1774831432456770048,1774831432459370866,0.000000,2.600818,2.600818,200
1774831432472672000,1774831432472672000,1774831432476251428,0.000000,3.579428,3.579428,200
1774831432515738880,1774831432515738880,1774831432518726308,0.000000,2.987428,2.987428,200
1774831432515939840,1774831432518726308,1774831432523053617,2.786468,4.327309,7.113777,200
1774831432609483008,1774831432609483008,1774831432611194186,0.000000,1.711178,1.711178,200
1774831432630899968,1774831432630899968,1774831432633133138,0.000000,2.233170,2.233170,200
1774831432702977024,1774831432702977024,1774831432705026641,0.000000,2.049617,2.049617,200
1774831432722921984,1774831432722921984,1774831432726072292,0.000000,3.150308,3.150308,200
1774831432751610112,1774831432751610112,1774831432753877631,0.000000,2.267519,2.267519,200
1774831432771976960,1774831432771976960,1774831432774946895,0.000000,2.969935,2.969935,200
1774831432785957120,1774831432785957120,1774831432787877226,0.000000,1.920106,1.920106,200
1774831432817056768,1774831432817056768,1774831432819558530,0.000000,2.501762,2.501762,200
1774831432847598080,1774831432847598080,1774831432852105947,0.000000,4.507867,4.507867,200
1774831432859036928,1774831432859036928,1774831432862869927,0.000000,3.832999,3.832999,200
1774831433000161792,1774831433000161792,1774831433001774100,0.000000,1.612308,1.612308,200
1774831433020733952,1774831433020733952,1774831433023535015,0.000000,2.801063,2.801063,200
1774831433088812032,1774831433088812032,1774831433091950396,0.000000,3.138364,3.138364,200
1774831433187131904,1774831433187131904,1774831433189399526,0.000000,2.267622,2.267622,200
1774831433208615168,1774831433208615168,1774831433210567026,0.000000,1.951858,1.951858,200
1774831433231183104,1774831433231183104,1774831433234196987,0.000000,3.013883,3.013883,200
1774831433260708096,1774831433260708096,1774831433263333020,0.000000,2.624924,2.624924,200
1774831433288409088,1774831433288409088,1774831433291342833,0.000000,2.933745,2.933745,200
1774831433302231040,1774831433302231040,1774831433304693861,0.000000,2.462821,2.462821,200
1774831433315887872,1774831433315887872,1774831433320433827,0.000000,4.545955,4.545955,200
1774831433417236992,1774831433417236992,1774831433419281601,0.000000,2.044609,2.044609,200
1774831433437398016,1774831433437398016,1774831433439664191,0.000000,2.266175,2.266175,200
1774831433457091072,1774831433457091072,1774831433459997741,0.000000,2.906669,2.906669,200
1774831433480845056,1774831433480845056,1774831433483911152,0.000000,3.066096,3.066096,200
1774831433493711104,1774831433493711104,1774831433495534570,0.000000,1.823466,1.823466,200
1774831433525847808,1774831433525847808,1774831433529372060,0.000000,3.524252,3.524252,200
1774831433587652096,1774831433587652096,1774831433589440255,0.000000,1.788159,1.788159,200
1774831433619384064,1774831433619384064,1774831433621948660,0.000000,2.564596,2.564596,200
1774831433642258944,1774831433642258944,1774831433644633059,0.000000,2.374115,2.374115,200
1774831433683887872,1774831433683887872,1774831433686038982,0.000000,2.151110,2.151110,200
1774831433703955968,1774831433703955968,1774831433707340685,0.000000,3.384717,3.384717,200
1774831433767123968,1774831433767123968,1774831433768560599,0.000000,1.436631,1.436631,200
1774831433915660032,1774831433915660032,1774831433917798910,0.000000,2.138878,2.138878,200
1774831433961136128,1774831433961136128,1774831433963186321,0.000000,2.050193,2.050193,200
1774831433980632064,1774831433980632064,1774831433983808167,0.000000,3.176103,3.176103,200
1774831433996826880,1774831433996826880,1774831434000577766,0.000000,3.750886,3.750886,200
1774831434037675008,1774831434037675008,1774831434040774296,0.000000,3.099288,3.099288,200
1774831434069992192,1774831434069992192,1774831434073602497,0.000000,3.610305,3.610305,200
1774831434096591872,1774831434096591872,1774831434098072497,0.000000,1.480625,1.480625,200
1774831434123791104,1774831434123791104,1774831434126456917,0.000000,2.665813,2.665813,200
1774831434241380096,1774831434241380096,1774831434243201623,0.000000,1.821527,1.821527,200
1774831434273766144,1774831434273766144,1774831434276100873,0.000000,2.334729,2.334729,200
1774831434306163200,1774831434306163200,1774831434308882765,0.000000,2.719565,2.719565,200
1774831434314444032,1774831434314444032,1774831434317064951,0.000000,2.620919,2.620919,200
1774831434325743872,1774831434325743872,1774831434329336856,0.000000,3.592984,3.592984,200
1774831434373608192,1774831434373608192,1774831434375181244,0.000000,1.573052,1.573052,200
1774831434497605120,1774831434497605120,1774831434499689431,0.000000,2.084311,2.084311,200
1774831434533821184,1774831434533821184,1774831434535599459,0.000000,1.778275,1.778275,200
1774831434593070080,1774831434593070080,1774831434594780432,0.000000,1.710352,1.710352,200
1774831434612119808,1774831434612119808,1774831434615399937,0.000000,3.280129,3.280129,200
1774831434686418176,1774831434686418176,1774831434689096371,0.000000,2.678195,2.678195,200
1774831434707081984,1774831434707081984,1774831434710838594,0.000000,3.756610,3.756610,200
1774831434758713856,1774831434758713856,1774831434762142153,0.000000,3.428297,3.428297,200
1774831434774149888,1774831434774149888,1774831434776753777,0.000000,2.603889,2.603889,200
1774831434785168896,1774831434785168896,1774831434787185616,0.000000,2.016720,2.016720,200
1774831434813206016,1774831434813206016,1774831434816474866,0.000000,3.268850,3.268850,200
1774831434857350144,1774831434857350144,1774831434859509757,0.000000,2.159613,2.159613,200
1774831434889825024,1774831434889825024,1774831434891730794,0.000000,1.905770,1.905770,200
1774831434923258112,1774831434923258112,1774831434925187022,0.000000,1.928910,1.928910,200
1774831434941543168,1774831434941543168,1774831434944181721,0.000000,2.638553,2.638553,200
1774831434967240192,1774831434967240192,1774831434970736970,0.000000,3.496778,3.496778,200
1774831434977933056,1774831434977933056,1774831434980527000,0.000000,2.593944,2.593944,200
1774831435014765056,1774831435014765056,1774831435018226623,0.000000,3.461567,3.461567,200
1774831435022918912,1774831435022918912,1774831435025537714,0.000000,2.618802,2.618802,200
1774831435033790976,1774831435033790976,1774831435036096295,0.000000,2.305319,2.305319,200
1774831435055175936,1774831435055175936,1774831435060180105,0.000000,5.004169,5.004169,200
1774831435194685952,1774831435194685952,1774831435198695301,0.000000,4.009349,4.009349,200
1774831435204451072,1774831435204451072,1774831435207138838,0.000000,2.687766,2.687766,200
1774831435272530176,1774831435272530176,1774831435274616306,0.000000,2.086130,2.086130,200
1774831435314189824,1774831435314189824,1774831435315912756,0.000000,1.722932,1.722932,200
1774831435372400128,1774831435372400128,1774831435375226668,0.000000,2.826540,2.826540,200
1774831435476665856,1774831435476665856,1774831435479070278,0.000000,2.404422,2.404422,200
1774831435501844992,1774831435501844992,1774831435504717590,0.000000,2.872598,2.872598,200
1774831435512816896,1774831435512816896,1774831435515589451,0.000000,2.772555,2.772555,200
1774831435512998144,1774831435515589451,1774831435518440399,2.591307,2.850948,5.442255,200
1774831435528994048,1774831435528994048,1774831435532386255,0.000000,3.392207,3.392207,200
1774831435535289088,1774831435535289088,1774831435538055627,0.000000,2.766539,2.766539,200
1774831435589847040,1774831435589847040,1774831435591989787,0.000000,2.142747,2.142747,200
1774831435611171840,1774831435611171840,1774831435613289877,0.000000,2.118037,2.118037,200
1774831435638906112,1774831435638906112,1774831435641862035,0.000000,2.955923,2.955923,200
1774831435652422912,1774831435652422912,1774831435654389509,0.000000,1.966597,1.966597,200
1774831435676037120,1774831435676037120,1774831435679093117,0.000000,3.055997,3.055997,200
1774831435714083840,1774831435714083840,1774831435717136716,0.000000,3.052876,3.052876,200
1774831435881274880,1774831435881274880,1774831435883807919,0.000000,2.533039,2.533039,200
1774831435913497856,1774831435913497856,1774831435915610229,0.000000,2.112373,2.112373,200
1774831435954923008,1774831435954923008,1774831435956576402,0.000000,1.653394,1.653394,200
1774831436021712128,1774831436021712128,1774831436023653639,0.000000,1.941511,1.941511,200
1774831436054650112,1774831436054650112,1774831436056365888,0.000000,1.715776,1.715776,200
1774831436146248192,1774831436146248192,1774831436148825622,0.000000,2.577430,2.577430,200
1774831436188271872,1774831436188271872,1774831436190568218,0.000000,2.296346,2.296346,200
1774831436206931200,1774831436206931200,1774831436208972378,0.000000,2.041178,2.041178,200
1774831436227490048,1774831436227490048,1774831436230664359,0.000000,3.174311,3.174311,200
1774831436265167104,1774831436265167104,1774831436267810515,0.000000,2.643411,2.643411,200
1774831436268742912,1774831436268742912,1774831436271333650,0.000000,2.590738,2.590738,200
1774831436275917056,1774831436275917056,1774831436278854832,0.000000,2.937776,2.937776,200
1774831436285743104,1774831436285743104,1774831436289048100,0.000000,3.304996,3.304996,200
1774831436297785088,1774831436297785088,1774831436299510654,0.000000,1.725566,1.725566,200
1774831436314945024,1774831436314945024,1774831436317992257,0.000000,3.047233,3.047233,200
1774831436366401024,1774831436366401024,1774831436368041199,0.000000,1.640175,1.640175,200
1774831436400845056,1774831436400845056,1774831436402950699,0.000000,2.105643,2.105643,200
1774831436497737984,1774831436497737984,1774831436501023258,0.000000,3.285274,3.285274,200
1774831436502880000,1774831436502880000,1774831436505915657,0.000000,3.035657,3.035657,200
1774831436522178048,1774831436522178048,1774831436525193975,0.000000,3.015927,3.015927,200
1774831436537086976,1774831436537086976,1774831436539764951,0.000000,2.677975,2.677975,200
1774831436551695104,1774831436551695104,1774831436555321171,0.000000,3.626067,3.626067,200
1774831436621414912,1774831436621414912,1774831436623167034,0.000000,1.752122,1.752122,200
1774831436715568128,1774831436715568128,1774831436717943337,0.000000,2.375209,2.375209,200
1774831436741348864,1774831436741348864,1774831436743939450,0.000000,2.590586,2.590586,200
1774831436745861120,1774831436745861120,1774831436750087653,0.000000,4.226533,4.226533,200
1774831436754679040,1774831436754679040,1774831436757975987,0.000000,3.296947,3.296947,200
1774831436826206976,1774831436826206976,1774831436829513580,0.000000,3.306604,3.306604,200
1774831436916711168,1774831436916711168,1774831436918834011,0.000000,2.122843,2.122843,200
1774831436963898880,1774831436963898880,1774831436968354512,0.000000,4.455632,4.455632,200
1774831436967083008,1774831436968354512,1774831436971230513,1.271504,2.876001,4.147505,200
1774831437057231872,1774831437057231872,1774831437059230643,0.000000,1.998771,1.998771,200
1774831437088591104,1774831437088591104,1774831437093152976,0.000000,4.561872,4.561872,200
1774831437201761024,1774831437201761024,1774831437203562978,0.000000,1.801954,1.801954,200
1774831437237456128,1774831437237456128,1774831437239523590,0.000000,2.067462,2.067462,200
1774831437293325824,1774831437293325824,1774831437295743015,0.000000,2.417191,2.417191,200
1774831437342595072,1774831437342595072,1774831437344606435,0.000000,2.011363,2.011363,200
1774831437363058944,1774831437363058944,1774831437365974448,0.000000,2.915504,2.915504,200
1774831437381594880,1774831437381594880,1774831437384336020,0.000000,2.741140,2.741140,200
1774831437390813952,1774831437390813952,1774831437393447086,0.000000,2.633134,2.633134,200
1774831437416444160,1774831437416444160,1774831437420525990,0.000000,4.081830,4.081830,200
1774831437456135936,1774831437456135936,1774831437457848319,0.000000,1.712383,1.712383,200
1774831437475464960,1774831437475464960,1774831437479049665,0.000000,3.584705,3.584705,200
1774831437567949056,1774831437567949056,1774831437570039064,0.000000,2.090008,2.090008,200
1774831437604603136,1774831437604603136,1774831437608273387,0.000000,3.670251,3.670251,200
1774831437651171840,1774831437651171840,1774831437655265151,0.000000,4.093311,4.093311,200
1774831437673837056,1774831437673837056,1774831437678349985,0.000000,4.512929,4.512929,200
1774831437837622016,1774831437837622016,1774831437840065229,0.000000,2.443213,2.443213,200
1774831437874545152,1774831437874545152,1774831437876467968,0.000000,1.922816,1.922816,200
1774831437904023040,1774831437904023040,1774831437906798931,0.000000,2.775891,2.775891,200
1774831438048801792,1774831438048801792,1774831438051328922,0.000000,2.527130,2.527130,200
1774831438086686976,1774831438086686976,1774831438088345871,0.000000,1.658895,1.658895,200
1774831438090280960,1774831438090280960,1774831438093349929,0.000000,3.068969,3.068969,200
1774831438164724224,1774831438164724224,1774831438166764388,0.000000,2.040164,2.040164,200
1774831438195451136,1774831438195451136,1774831438199103217,0.000000,3.652081,3.652081,200
